[25 25 25 ... 27 27 27]
[17 17 17 ... 11 11 11]
[19 19 19 ... 16 16 16]
[18 18 18 ... 26 26 26]
[10 10 10 ... 23 23 23]
[12 12 12 ... 20 20 20]
[ 2  2  2 ... 12 12 12]
[14 14 14 ... 12 12 12]
[15 15 15 ... 11 11 11]
[37 37 37 ... 32 29 29]
[10 10  8 ...  8  8  8]
[20 20 20 ...  8  8  8]
[3 3 3 ... 3 3 3]
[6 6 6 ... 0 0 0]
[9 9 9 ... 5 5 5]
[18 18 18 ... 31 31 31]
[18 18 18 ... 35 35 35]
[44 44 44 ... 24 24 24]
[25 25 25 ... 23 23 23]
[ 0  0  0 ... 16 16 16]
[7 7 7 ... 7 7 7]
[ 8  8  8 ... 37 37 37]
[ 4  4  4 ... 21 21 21]
[6 6 6 ... 1 1 1]
[36 36 36 ... 23 23 23]
[18 18 18 ... 23 23 23]
[1 1 1 ... 1 1 1]
[30 30 30 ...  0  0  0]
[20 20 20 ...  6  6  6]
[3 3 3 ... 3 3 3]
[7 7 7 ... 0 0 0]
[ 4  4  4 ... 16 16 16]
[18 18 18 ...  3  3  3]
[2 2 2 ... 2 2 2]
[15 15 15 ... 10 10 10]
[12 12 12 ... 33 17 17]
[2 2 2 ... 2 2 2]
[25 25 25 ...  8  8  8]
[36 13 36 ... 27 27 27]
[1 1 1 ... 1 1 1]
[21 21 21 ... 20 20 20]
[17 17 17 ...  6  6  6]
[2 2 2 ... 2 2 2]
[11 11 11 ...  3  3  3]
[11 11 11 ...  8  8  8]
[37 37 37 ... 29 29 29]
[ 7  7  7 ... 10 10 10]
[30 30 30 ... 33 33 33]
[0 0 0 ... 0 0 0]
[38 38 38 ... 45  6  6]
