[ 5  5  5 ... 27 27 27]
[ 5  5  5 ... 26 26 26]
[26 26 26 ... 12 12 12]
[23 23 23 ...  8  8  8]
[10 10 10 ... 11 11 11]
[0 0 0 ... 0 0 0]
[19 19 19 ... 11 11 11]
[21 21 21 ... 23 23 23]
[15 15 15 ...  5  5  5]
[13 13 13 ... 14 14 14]
[13 13 13 ... 24 24 24]
[11 11 11 ... 16 16 16]
[ 5  5 11 ... 11 11 11]
[3 3 3 ... 3 3 3]
[0 0 0 ... 0 0 0]
[20 20 20 ...  8  8  8]
[17 17 17 ...  8  8  8]
[ 2  2  2 ... 11 11 11]
[0 0 0 ... 0 0 0]
[ 4  4  4 ... 26 26 26]
[24 24 24 ... 11 11 11]
[40 40 40 ...  3  3  3]
[3 3 3 ... 7 7 7]
[23 23 23 ... 10 10 10]
[ 8  8  8 ... 18 18 18]
[15 15 15 ...  4  4  4]
[17 17 17 ... 20 20 20]
[16 16 16 ... 24 24 24]
[32 32 32 ... 21 21 21]
[ 7  7  7 ... 19 19 19]
[9 9 7 ... 7 7 7]
[3 3 3 ... 3 3 3]
[17 17 17 ... 34 34 34]
[20 34 20 ... 22 22 22]
[ 7  7  7 ... 10 10 10]
[14 14 14 ...  2  2  2]
[10 10 10 ... 14 14 14]
[12 12 12 ...  2  2  2]
[30 30 30 ... 15 15 15]
[ 9  9  9 ... 25 27 27]
[5 5 5 ... 5 5 5]
[ 0  0  0 ... 24 24 24]
[12 12 12 ... 14 14 14]
[ 5  5  5 ... 16 16 16]
[1 1 1 ... 1 1 1]
[3 3 3 ... 5 5 5]
[39 39 39 ... 42 42 42]
[3 3 3 ... 3 3 3]
[ 2  2  2 ... 12 12 12]
[ 9  9  9 ... 18 18 18]
