[7 7 7 ... 7 7 7]
[11 11 11 ...  5  5  5]
[2 2 2 ... 2 2 2]
[5 5 5 ... 9 9 9]
[ 9  9  9 ... 23 23 23]
[19 19 19 ...  6  6  6]
[ 2  2  2 ... 16 16 16]
[23 23 23 ... 17 17 17]
[8 8 8 ... 1 1 1]
[33 33 33 ... 24 24 24]
[35 35 35 ... 26 26 26]
[ 9  9  9 ... 20 20 20]
[14 14 14 ... 20 20 20]
[13 13 13 ... 11 11 11]
[38 38 38 ... 16 16 16]
[6 6 6 ... 6 6 6]
[ 9  9  9 ... 12 12 12]
[ 8  8  8 ... 12 12 12]
[ 7  7  7 ... 10 10 10]
[27 27 27 ... 37 37 37]
[18 26 18 ...  9  9  9]
[26 26 26 ... 13 13 13]
[2 2 2 ... 2 2 2]
[42 42 42 ... 47 47 47]
[15 15 15 ... 12 12 12]
[27 27 27 ... 20 20 20]
[0 0 0 ... 7 7 7]
[5 5 5 ... 5 5 5]
[ 3  3  3 ... 22 22 22]
[2 2 2 ... 7 7 7]
[1 1 1 ... 1 1 1]
[2 2 2 ... 2 2 2]
[16 16 16 ... 22 22 22]
[16 16 16 ...  0  0  0]
[16 16 16 ...  2  2  2]
[ 4  4  4 ... 21 21 21]
[17 17 17 ... 21 21 21]
[ 3  3  3 ... 19 19 19]
[26 26 26 ...  5  5  5]
[3 3 3 ... 3 3 3]
[40 40 40 ... 36 36 36]
[8 8 8 ... 6 6 6]
[9 9 0 ... 8 8 8]
[8 8 8 ... 6 6 6]
[26 26 26 ... 30 30 30]
[14 14 14 ... 19 19 19]
[13 13 13 ... 16 16 16]
[1 1 1 ... 1 1 1]
[1 1 1 ... 1 1 1]
[18 18 18 ... 13 12 12]
