[13 13 13 ... 21 21 21]
[13 13 13 ...  9  9  9]
[37 37 37 ...  3  3  3]
[11 11 11 ...  7  7  7]
[1 1 2 ... 2 2 2]
[6 6 6 ... 9 9 9]
[ 9  9  9 ... 27 27 27]
[ 2  2  2 ... 12 12 12]
[20 20 20 ... 22  0  0]
[6 6 6 ... 6 6 6]
[ 6  6  6 ... 13 13 13]
[38 38 38 ... 41 41 41]
[39 39 39 ...  8  8  8]
[2 2 2 ... 2 2 2]
[0 0 0 ... 0 0 0]
[21 21 21 ...  0  0  0]
[1 1 1 ... 1 1 1]
[ 4  4  4 ... 20 20 20]
[4 4 4 ... 8 8 8]
[28 28 28 ... 33 33 33]
[12 12 12 ...  9  9  9]
[3 3 3 ... 3 3 3]
[0 0 0 ... 6 6 6]
[19 19 19 ...  2  2  2]
[9 9 9 ... 0 0 0]
[0 0 0 ... 5 5 5]
[12 12 12 ... 14 14 14]
[ 2  2  2 ... 26 26 26]
[12 12 12 ...  8  8  8]
[5 5 5 ... 1 1 1]
[23 23 23 ... 22 22 22]
[1 1 1 ... 5 5 5]
[35 35 35 ... 44 28 28]
[18 18 18 ... 17 17 17]
[43 43 43 ... 29 29 29]
[10 10 10 ... 15 15 15]
[ 7  7  7 ... 15 15 15]
[ 5  5  5 ... 22 22 22]
[13 13 13 ...  7  7  7]
[10 10 10 ...  2  2  2]
[32 32 32 ... 31 31 31]
[ 2  2  2 ... 44 44 44]
[0 0 0 ... 0 0 0]
[ 0  0  0 ... 33 33 33]
[30 30 30 ... 25 25 25]
[27 27 27 ... 12 32 32]
[ 6  6  6 ... 29 29 29]
[3 3 3 ... 6 6 6]
[ 2  2  2 ... 10 10 10]
[ 8  8  8 ... 22 22 22]
