[14 14 14 ...  8  8  8]
[10 10 10 ... 18 18 18]
[ 5  5  5 ... 33 33 33]
[6 6 6 ... 0 0 0]
[23 23 23 ... 30 30 30]
[34 34 34 ... 40 40 40]
[29 29 29 ... 27 27 27]
[4 4 4 ... 4 4 4]
[30 30 30 ... 17 17 17]
[17 17 17 ... 24 24 24]
[29 29 29 ... 34 34 34]
[ 6  6  6 ... 16 16 16]
[3 3 3 ... 4 4 4]
[3 3 3 ... 3 3 3]
[43 43 43 ... 34 34 34]
[5 5 5 ... 9 9 9]
[2 2 2 ... 2 2 2]
[22 22 22 ... 10 10 10]
[12 12 12 ... 11 11 11]
[ 9  9  9 ... 14 14 14]
[15 15 15 ... 19 19 19]
[4 4 4 ... 4 4 4]
[23 23 23 ... 25 25 25]
[ 4  4  4 ... 23 23 23]
[3 3 3 ... 3 3 3]
[24 24 24 ... 23 23 23]
[12 12 12 ... 25 25 25]
[7 7 7 ... 4 4 4]
[24 24 24 ... 17 17 17]
[ 0  0  0 ... 10 10 10]
[ 7  7  7 ... 22 22 22]
[7 7 7 ... 9 9 9]
[19 19 19 ... 18 18 18]
[38 38 38 ... 23 23 23]
[0 0 0 ... 0 0 0]
[0 0 0 ... 7 7 7]
[4 4 4 ... 4 4 4]
[ 1  1  1 ... 44 44 44]
[ 2  2  2 ... 27 27 27]
[1 1 1 ... 1 1 1]
[ 4  4  4 ... 29 29 29]
[8 8 8 ... 1 1 1]
[7 7 7 ... 3 3 3]
[2 2 2 ... 8 8 8]
[13 13 13 ...  9  9  9]
[2 2 2 ... 4 4 4]
[11 11  4 ...  4  4  4]
[0 0 0 ... 2 2 2]
[20 20 20 ... 13 13 13]
[9 9 9 ... 0 0 0]
