[ 8  8  8 ... 28 28 28]
[7 7 7 ... 7 7 7]
[10 10 10 ...  0  0  0]
[ 5  5  5 ... 16 23 23]
[ 1  1  6 ... 10 10 10]
[45 45 45 ... 28 28 28]
[5 5 1 ... 1 1 1]
[0 0 0 ... 9 9 9]
[18 18 13 ...  6  6  6]
[34 34 34 ...  0  0  0]
[10 10 10 ... 16 16 16]
[3 3 3 ... 3 3 3]
[2 2 2 ... 2 2 2]
[16 16 16 ...  1  1  1]
[8 8 8 ... 0 0 0]
[22 22 22 ... 23 23 23]
[12 12 12 ...  6  6  6]
[4 4 4 ... 1 1 1]
[1 1 1 ... 0 0 0]
[ 6  6  6 ... 11 11 11]
[12 12 12 ...  3  3  3]
[0 0 0 ... 0 0 0]
[1 1 1 ... 1 1 1]
[20 20 20 ...  1  1  1]
[2 2 2 ... 9 9 9]
[ 9  9  9 ... 12 12 12]
[11 11 11 ...  4  4  4]
[17 17 17 ...  2  2  2]
[ 8  8  8 ... 17 17 17]
[ 5  5  5 ... 13 13 13]
[20 20 20 ... 16 16 16]
[33 33 33 ... 30 30 30]
[22 22 22 ...  1 25 25]
[15 15 15 ... 23 23 23]
[11 11 11 ... 10 10 10]
[21 21 21 ... 24 24 24]
[15 15 15 ... 20 20 20]
[37 37 37 ... 14 14 14]
[15 15 15 ...  7  7  7]
[ 7  7  7 ... 20 20 20]
[1 1 1 ... 1 1 1]
[15 15 15 ... 21 21 21]
[16 16 16 ... 12 12 12]
[12 12  2 ...  1  1  1]
[11 11 11 ... 20 20 20]
[1 1 1 ... 1 1 1]
[16 16 16 ... 39 39 39]
[ 1  1  1 ... 24 24 24]
[ 4  4  4 ... 12 12 12]
[20 20 20 ... 44 44 44]
