[25 25 25 ... 40 13 13]
[14 14 14 ... 31 31 31]
[ 9  9  9 ... 25 25 25]
[3 3 2 ... 1 1 1]
[ 0  0  0 ... 14 14 14]
[34 34 34 ... 13 13 13]
[10 10 10 ...  2  2  2]
[22 22 22 ...  9  9  9]
[3 3 3 ... 3 3 3]
[8 8 8 ... 8 8 8]
[21 21 21 ... 14 14 14]
[15 15 15 ... 23 23 23]
[1 1 1 ... 1 1 1]
[38 38 38 ... 31 31 31]
[17 17 17 ... 10 10 10]
[19 19 19 ... 38 38 38]
[16 16 16 ...  3  3  3]
[30 30 30 ...  1  1  1]
[17 17 17 ...  4  4  4]
[9 9 9 ... 0 0 0]
[27 27 27 ... 24 24 24]
[0 0 0 ... 0 0 0]
[1 1 1 ... 1 1 1]
[12 12 12 ... 11 11 11]
[ 6 10  6 ...  6  6  6]
[2 2 2 ... 1 1 1]
[42 42 42 ... 18 18 18]
[9 9 9 ... 5 5 5]
[1 1 1 ... 1 1 1]
[ 1  1  1 ... 14 14 14]
[7 7 7 ... 9 9 9]
[19 19 19 ... 18 18 18]
[2 2 2 ... 8 8 8]
[24 24 24 ... 19 19 19]
[ 5  5  5 ... 25 25 25]
[ 9 10  9 ...  7  7  7]
[0 0 0 ... 7 7 7]
[14 14 14 ... 20 20 20]
[26 26 26 ... 21 21 21]
[27 27 27 ... 10 10 10]
[8 8 8 ... 9 9 9]
[15 15 15 ... 14 11 11]
[ 6  6  6 ... 14 14 14]
[ 9  9  9 ... 19 19 19]
[ 8  8  8 ... 24 24 24]
[0 0 0 ... 0 0 0]
[ 1  1  1 ... 23 23 23]
[22 22 22 ...  5  5  5]
[ 0  0  0 ... 12 12 12]
[17 17 17 ...  7  7  7]
