[38 38 38 ... 43 43 43]
[21 21 21 ...  9  9  9]
[1 1 1 ... 1 1 1]
[7 7 7 ... 2 2 2]
[ 5  5  5 ... 28 28 28]
[ 3  3  3 ... 13 13 13]
[14 14 14 ...  1  1  1]
[ 6  6  6 ... 10 10 10]
[ 0  0  0 ... 38 37 37]
[27 27 27 ... 14 14 14]
[38 38 38 ... 43 43 43]
[4 4 4 ... 4 4 4]
[1 1 1 ... 1 1 1]
[ 0  0  0 ... 12 12 12]
[25 25 25 ... 10 10 10]
[ 3  3  3 ... 18 18 18]
[ 1  1  1 ... 24 24 24]
[4 4 4 ... 4 4 4]
[ 9  9  9 ... 12 12 12]
[ 8  8  8 ... 14 14 14]
[47 23 47 ... 31 31 31]
[13 13 13 ...  1  1  1]
[2 2 2 ... 2 2 2]
[15 15 15 ... 29 29 29]
[0 0 0 ... 0 0 0]
[5 5 5 ... 5 5 5]
[ 8  8  8 ... 10 10 10]
[11 11  6 ...  6  6  6]
[14 14 14 ... 16 16 16]
[5 5 5 ... 6 6 6]
[20 20 20 ...  9  9  9]
[12 12 12 ... 10 10 10]
[12 12 12 ... 10 10 10]
[1 6 1 ... 2 2 2]
[2 2 2 ... 2 2 2]
[1 1 1 ... 1 1 1]
[13 13 13 ... 12 12 12]
[4 4 4 ... 3 3 3]
[30 30 30 ...  0  0  0]
[21 21 21 ...  7  7  7]
[8 8 8 ... 4 4 4]
[ 2  2  2 ... 18 18 18]
[44 44 44 ... 40 40 40]
[10 10 10 ... 29  0  0]
[9 9 9 ... 2 2 2]
[ 9  9  9 ... 15 15 15]
[26 26 26 ... 19 19 19]
[1 1 1 ... 1 1 1]
[14 14 14 ...  2  2  2]
[8 8 8 ... 8 8 8]
