[11 11 11 ...  7  7  7]
[34 34 34 ... 25 25 25]
[14 14 14 ... 20 20 20]
[23 23 23 ... 27 27 27]
[6 6 6 ... 3 3 3]
[ 4  4  4 ... 27 27 27]
[36 36 36 ... 41 41 41]
[32 32 32 ... 30 30 30]
[0 0 0 ... 0 0 0]
[12 12 12 ...  5  5  5]
[30 30 30 ... 19 19 19]
[40 40 40 ... 39 39 39]
[1 1 1 ... 1 1 1]
[19 19 19 ...  9  9  9]
[42 42 42 ...  5  5  5]
[10 10 10 ... 13 13 13]
[13 13 13 ...  0  0  0]
[2 2 2 ... 8 8 8]
[1 1 1 ... 1 1 1]
[24 24 24 ... 16 16 16]
[17 17 17 ...  4  4  4]
[14 14 14 ... 17 17 17]
[15  3 15 ...  7  7  7]
[2 2 2 ... 8 8 8]
[2 2 2 ... 1 1 1]
[ 5  5  5 ... 46 46 46]
[1 1 1 ... 3 3 3]
[12 12 12 ... 31 31 31]
[11 11 11 ... 12 12 12]
[2 2 2 ... 2 2 2]
[34 34 34 ... 16 16 16]
[0 0 0 ... 0 0 0]
[3 3 3 ... 3 3 3]
[34 34 34 ... 28 33 33]
[2 2 2 ... 6 6 6]
[ 1  1  1 ... 19 19 19]
[24 24 24 ...  4  4  4]
[1 1 1 ... 1 1 1]
[19 19 19 ...  4  4  4]
[31 31 31 ... 23 23 23]
[34 34 34 ... 12 12 12]
[8 8 8 ... 1 1 1]
[5 5 5 ... 9 9 9]
[ 5  5  2 ... 13 13 13]
[ 9 17  9 ... 19 19 19]
[ 9  9  9 ... 11 11 11]
[14 14 14 ... 25 25 25]
[15 15 15 ... 36 36 36]
[28 28 28 ...  4  4  4]
[12 12 12 ... 11 11 11]
