[16 16 16 ... 15 15 15]
[ 5  5  5 ... 10 10 10]
[14 14 14 ... 23 23 23]
[13 13 13 ...  4  4  4]
[2 2 2 ... 5 5 5]
[1 1 1 ... 1 1 1]
[0 0 0 ... 0 0 0]
[18 18 18 ... 21 21 21]
[8 8 8 ... 8 8 8]
[ 8  8  8 ... 14 14 14]
[25 25 25 ...  9  9  9]
[16 16 16 ... 22 22 22]
[11 11 11 ... 18 18 18]
[37 37 37 ... 28 28 28]
[12 12 12 ...  3  3  3]
[13 13 13 ... 16 16 16]
[34 34 34 ... 39 39 39]
[13 13 13 ... 15 15 15]
[11 11 11 ...  4  3  3]
[12 12 12 ...  6  6  6]
[3 3 3 ... 7 7 7]
[19 19 19 ... 34 34 34]
[9 9 9 ... 5 5 5]
[14 14 14 ...  6  6  6]
[ 2  2  2 ... 15 15 15]
[16 16 16 ... 14 14 14]
[11 11 11 ...  1  1  1]
[ 7  7  7 ... 36 36 36]
[1 1 1 ... 1 1 1]
[40 40 40 ... 38 38 38]
[31 31 31 ... 29 29 29]
[ 1  1  1 ... 15 15 15]
[0 0 0 ... 0 0 0]
[17 17 17 ... 19 19 19]
[18 18 18 ...  4  4  4]
[16 16 16 ...  8 23 23]
[ 9  9  9 ... 33 16 16]
[0 0 0 ... 0 0 0]
[30 30 30 ... 28 28 28]
[ 5  5  5 ... 15 15 15]
[19 19 19 ...  8  8  8]
[10 10 10 ...  4  4  4]
[26 26 26 ...  9  9  9]
[25 25 25 ...  9  9  9]
[26 26 26 ... 10 10 10]
[ 6  6  6 ... 11 11 11]
[5 5 5 ... 3 3 3]
[0 0 0 ... 0 0 0]
[ 2  2  2 ... 16 15 15]
[ 5  5  5 ... 14 14 14]
