x
1 1
2 5
3 5
4 5
5 1
6 1
7 5
8 5
9 5
10 5
11 1
12 5
13 5
14 5
15 1
16 1
17 5
18 1
19 5
20 1
21 1
22 1
23 5
24 1
25 5
26 5
27 1
28 1
29 1
30 5
31 5
32 1
33 1
34 1
35 5
36 5
37 1
38 5
39 5
40 1
41 5
42 5
43 5
44 1
45 1
46 5
47 1
48 5
49 1
50 5
51 4
52 4
53 4
54 3
55 4
56 9
57 9
58 3
59 4
60 3
61 3
62 9
63 3
64 4
65 3
66 4
67 9
68 3
69 4
70 3
71 10
72 3
73 4
74 4
75 4
76 4
77 4
78 9
79 9
80 3
81 3
82 3
83 3
84 10
85 9
86 9
87 4
88 4
89 3
90 3
91 3
92 4
93 4
94 3
95 3
96 3
97 3
98 4
99 3
100 3
101 2
102 10
103 6
104 10
105 7
106 7
107 9
108 6
109 10
110 2
111 7
112 7
113 7
114 10
115 7
116 7
117 10
118 8
119 6
120 10
121 2
122 10
123 6
124 10
125 7
126 6
127 10
128 10
129 7
130 6
131 6
132 8
133 7
134 4
135 10
136 6
137 2
138 10
139 10
140 7
141 2
142 7
143 10
144 2
145 2
146 7
147 7
148 7
149 7
150 10
