ARI: 0.605989700949814
minSplit: 0
Partition: 
[ 5  5  5  5  5  5  5  1  1  1  1  1  1  5  5  5  5  5  5  5  5  5  5  5
  5  5  5  1  1  1  1  1  1  1  1  1  1  5  5  5  5  5  5  5  5  5  5  5
  5  5  5  5  5  5  1  1  1  1  1  1  1  1  1  1  1  1  1  1  1  1  5  5
  5  5  5  5  5  1  1  1  1  1  5  5  1  5  5  5  5  5  5  5  5  5  5  5
  5  5  1  1  5  5  1  1  5  5  5  5 11 11 11 11 11 11 11 11 11 11 11 11
 11 11 11 11 11 11 11 11 11 11 11 11  2  2  2  2  2  2  2  2  2  2  2  2
  2  2  2  2  2  2  2  2  2  2  2  2  2  2  2  6  6  6  6  6  6  6  6  6
  6  6  6  6  6  6  6  6  6  6  6  6  6  6  6  6  6  6  6  6  6  6  6  6
  6  6  6  6  6  6  6  6  6  6  6  6  6  6  6  6  6  6  6  6  6  6  6  6
  6  6  6  6  6  6  6  6  6  6  6  6  6  6  6  6  0  0  0  0  0  0  0  0
  0  0  0  0  0  0  0  0  0  0  0  0  0  0  0  0  0  0  0  0  0  0 10  0
  7  7  7  7  7  7  7  7  8  8  8  8  8  8  8  8  0  7  7  7  7  7  7  7
  7  7  7  7  7  7  8  8  8  8  8  8  8  8  8  8  8  8  7  8  8  7  7  7
  7 12 12 12 12  8  8  8  8 12 12 12 12  8  8  8  8 12 12 12 12 12  8  8
  8  8  8  8  8  8  8 12  8 12  4  4  4  4  4  4  4  4  4  4  4  4  9  4
  4  4  4  4  4  4  4  4  4  4  4  4  4  4  4  4  4  4  4  4  4  4  4  4
  4  4  4  4  4  4  4  4  4  4  4  4  4  4  4  4  4  4  4  4  4  4  4  4
  4  4  4  4  4  4  4  4  4  4  4  4  4  4  4  4  4  4  4  4  4  4  4  4
  4  4  4  4  4  4  3  3  3  3  3  3  3  3  3  3  3  3  3  3  3  3  3  3
  3  3  3  3  3  3  3  3  3  3  3  3  3  3  3  3  3  3  3  3  3  3  3  3
  3  3  3  3  3  3  3  3  3  3  3  3  3  3  3  3  3  3  3  3  3  3  3  3
  3  3  3  3  3  3  3  3  3  3  3  3  3  3  3  3  3  3  3  3  3  3  3  3
  3  3  3  3  3  3  3  3  3  3  3  3  3  3  3  3  3  3  3  3  3  3  3  3
  3  3  3  3  3  3  3  3  3  3  3  3  3  3  3  3  3  3  3  3  3  3  3  3
  3  3  3  3  3  3  3  3  3  3  3  3]