x
1 6
2 5
3 5
4 5
5 6
6 2
7 6
8 6
9 5
10 5
11 2
12 6
13 5
14 5
15 2
16 2
17 2
18 6
19 2
20 2
21 6
22 2
23 2
24 5
25 6
26 5
27 6
28 6
29 6
30 5
31 5
32 6
33 2
34 2
35 5
36 5
37 6
38 5
39 5
40 6
41 6
42 5
43 5
44 6
45 2
46 5
47 2
48 5
49 2
50 6
51 8
52 8
53 8
54 1
55 8
56 1
57 8
58 10
59 8
60 1
61 10
62 1
63 10
64 8
65 1
66 8
67 10
68 1
69 1
70 10
71 4
72 1
73 8
74 8
75 8
76 8
77 8
78 8
79 8
80 1
81 10
82 10
83 1
84 4
85 1
86 8
87 8
88 1
89 1
90 1
91 1
92 8
93 1
94 10
95 1
96 1
97 1
98 1
99 10
100 1
101 9
102 4
103 3
104 4
105 9
106 3
107 1
108 3
109 9
110 9
111 4
112 4
113 9
114 4
115 4
116 9
117 4
118 8
119 3
120 8
121 9
122 4
123 3
124 4
125 9
126 7
127 4
128 4
129 9
130 7
131 3
132 7
133 9
134 8
135 8
136 3
137 9
138 4
139 4
140 9
141 9
142 9
143 4
144 9
145 9
146 9
147 4
148 9
149 9
150 4
