2131 1070 -1
811 1933 -1
2768 2613 1
2834 1513 -1
233 1588 -1
1460 195 -1
457 1757 -1
900 2758 -1
2427 2190 -1
1117 1761 1
380 1558 -1
2302 1019 -1
815 502 -1
806 662 -1
70 632 -1
2949 2106 -1
698 547 1
2506 2371 1
164 2181 -1
1637 2671 -1
1239 2545 -1
1388 1609 1
1144 1189 1
1690 1116 1
808 1757 -1
369 3004 -1
120 1926 -1
1762 1854 1
1976 1398 -1
2484 1562 -1
1490 542 -1
1853 1727 1
934 1528 -1
1726 2941 -1
2742 587 -1
1536 2354 -1
3015 678 -1
1327 2114 -1
2822 2272 -1
2200 1420 -1
825 2381 -1
2482 722 -1
132 1857 -1
75 339 -1
306 2354 -1
589 771 -1
2145 19 -1
2719 2704 1
2457 2033 -1
2006 928 -1
