646 2984 -1
2835 2867 1
1809 2501 -1
329 1478 -1
1572 1576 1
2306 1976 -1
608 1139 -1
1678 1956 1
2820 1920 -1
787 1085 -1
646 2514 -1
294 18 -1
886 1531 -1
2218 1688 -1
1374 1811 1
101 122 1
87 461 -1
1848 2317 -1
1863 944 -1
337 2380 -1
927 1233 -1
1305 2143 -1
286 988 -1
2669 1473 -1
2916 1376 -1
2410 2031 -1
13 85 1
1992 991 -1
1137 729 -1
746 821 1
2929 2970 1
784 2979 -1
764 446 -1
2806 421 -1
1510 1405 1
1696 385 -1
2969 989 -1
1387 829 -1
202 2696 -1
57 1895 -1
943 482 -1
1852 1163 1
548 55 -1
1899 266 -1
2620 2110 -1
256 1213 -1
520 1634 -1
1417 2440 -1
2863 183 -1
1351 349 -1
