856 2691 -1
1731 2186 -1
1633 2702 -1
1867 1399 1
1047 2458 -1
1504 2283 -1
3003 1204 -1
253 1216 -1
2722 607 -1
1811 212 -1
987 681 -1
878 1575 -1
364 2679 -1
890 1924 -1
2295 2831 1
876 1327 -1
1484 2887 -1
596 2357 -1
2252 2244 1
2592 387 -1
383 2298 -1
1005 1420 -1
2764 2281 -1
1664 243 -1
824 407 -1
1850 2689 -1
2752 139 -1
1067 1022 -1
2074 2251 1
1054 1282 -1
607 995 -1
2682 1620 -1
75 2804 -1
1646 955 -1
2057 2778 -1
2370 2780 1
1451 502 -1
2583 1230 -1
591 2474 -1
490 2058 -1
1984 364 -1
47 2418 -1
1300 278 -1
558 1032 -1
2033 1190 -1
673 2475 -1
1735 1740 1
2916 2720 1
1148 1787 1
1682 491 -1
