995 2580 -1
7 1858 -1
2967 185 -1
2910 567 -1
566 466 -1
1170 286 -1
817 2208 -1
2950 2217 -1
2190 497 -1
2626 1732 -1
2000 613 -1
2863 1459 -1
111 482 -1
1814 1728 1
229 449 -1
1578 509 -1
1713 1073 1
322 540 -1
2163 2513 -1
1177 231 -1
990 1696 -1
137 1576 -1
429 1266 -1
597 147 -1
1340 475 -1
2671 2514 1
831 1950 -1
1984 1105 -1
1103 457 -1
1531 1566 1
1703 8 -1
1427 2660 -1
1483 2683 -1
2174 2011 1
588 1502 -1
3019 1439 -1
1908 2613 -1
60 2865 -1
434 1479 -1
63 1773 -1
2584 1750 -1
603 1378 -1
2384 922 -1
1977 1372 -1
1524 1539 1
326 624 -1
1427 351 -1
1598 1171 1
2465 686 -1
797 604 -1
