500 562 -1
2393 205 -1
2699 2401 1
2012 1676 -1
1261 2107 -1
1716 733 -1
218 1690 -1
2008 2080 1
133 846 -1
2076 951 -1
460 2524 -1
243 2155 -1
45 617 -1
96 339 -1
1694 149 -1
1169 2168 -1
1416 2484 -1
1922 1063 1
1655 611 -1
1436 2873 -1
2293 1388 -1
511 2145 -1
2164 2155 1
2077 1652 -1
1681 2205 -1
1638 2435 -1
2455 1574 -1
2480 1533 -1
2815 1352 -1
2549 2286 -1
1563 1366 1
708 480 -1
234 2047 -1
2389 830 -1
79 674 -1
1141 717 -1
1030 2990 -1
957 2234 -1
246 2410 -1
334 2057 -1
170 2479 -1
990 2456 -1
1467 1918 1
351 458 1
2292 1567 -1
1844 1932 1
271 53 -1
1295 31 -1
1127 1459 1
1003 1331 -1
