ARI: 0.6907825800169586
minSplit: 0
Partition: 
[ 7  7  7  7  7  7  7  4  4  4  4  4  4  4  4  4  4  4  7  7  7  7  7  7
  7  7  7  4  4  4  4  4  4  4  4  4  4  4  4  4  4  4  4  7  7  7  7  7
  7  7  7  7  7  7  4  4  4  4  4  4  4  4  4  4  4  4  4  4  4  4  4  4
  4  4  4  4  4  4  4  4  4  4  7  7  4  4  4  7  7  7  7  7  7  7  7  7
  7  7  4  4  4  4  4  4  4  4  4  4 12 12 12 12 12 12 12 12 12 12 12 12
 12 12 12 12 12 12 12 12 12 12 12 12  1  1  1  1  1  1  1  1  1  1  1  1
  1  1  1  1  1  1  1  1  1  1  1  1  1  1  1  6  6  6  6  6  6  6  6  6
  6  6  6  6  6  6  6  6  6  6  6  6  6  6  6  6  6  6  6  6  6  6  6  6
  6  6  6  6  6  6  6  6  6  6  6  6  6  6  6  6  6  6  6  6  6  6  6  6
  6  6  6  6  6  6  6  6  6  6  6  6  6  6  6  6  0  0  0  0  0  0  0  0
  0  0  0  0  0  0  0  0  0  0  0  0  0  0  0  0  0  0  0  0  0  0  0  0
  0  0  0  0  0  0  0  0 11  5  5  5  5  5  5  5  0  0  0  0  0  0  0  0
  0  0  0  0  0  0  5  5  5  5  5  5  5  5  5  5  5  5  0  5  5  0  0  0
  0  5  5  5  5  5  5  5  5  5  5  5  5  5  5  5  5  5  5  5  5  5  5  5
  5  5  5  5  5  5  5  5  5  5  3  3  3  3  3  3  3  3  3  3  3  3  8  3
  9  3  3  3  3  3  3  3  3  3  3  3  3  3  3  3  3  3  3  3  3  3  3  3
  3  3  9  9  9  9  9  9  9  9  9  9  9  9  9  9  9  9  9  9  9  9  9  9
  9  9  9  9  9  9  3  3  3  3  3  3  3  3  3  3  3  3  3  3  3  3  3  3
  3  3  3  3  3  3 10 10 10 10 10 10 10 10 10 10 10 10 10 10 10 10 10 10
 10 10 10 10 10 10 10 10 10 10 10 10 10 10  2  2  2 10 10 10  2  2  2  2
  2 10 10 10  2  2  2  2  2  2  2  2  2  2  2 10 10  2  2  2  2  2  2  2
  2  2  2  2  2  2  2  2  2  2  2  2  2  2 10  2  2  2  2  2  2 10 10  2
  2  2  2  2  2  2  2  2  2  2  2  2  2  2  2  2  2  2  2  2  2  2  2  2
  2  2  2  2  2  2  2  2  2  2  2  2  2  2  2  2  2  2  2  2  2  2  2  2
  2  2  2  2  2  2  2  2  2  2  2  2]