ARI: 0.5722441317975314
minSplit: 0.21999999999999997
Partition: 
[ 8  8  8  8  8  8  8  8  8 12  5  5  5  5 11 11 11 11  8  8  8  8  8  8
  8  8  8  8  8  8 12 12  5  5  5  5  5  5 11 11 11 11 11  8  8  8  8  8
  8  8  8  8  8  8  8  8  8  8  8 12  5  5  5  5  5 12  5  5  5  5  5  8
 11 11 11 11 11 12  8  8  8  8  8  8  5  5 11  8  8  8  8  8  8  8  8  8
  8  8  5  5 11  5  5  5 11 11 11 11  9  9  9  9  9  9  9  9  9  9  9  9
  9  9  9  9  9  9  9  9  9  9  9  9  3  3  3  3  3  3  3  3  3  3  3  3
  3  3  3  3  3  3  3  3  3  3  3  3  3  3  3  7  7  7  7  7  7  7  7  7
  7  7  7  7  7  7  7  7  7  7  7  7  7  7  7  7  7  7  7  7  7  7  7  7
  7  7  7  7  7  7  7  7  7  7  7  7  7  7  7  7  7  7  7  7  7  7  7  7
  7  7  7  7  7  7  7  7  7  7  7  7  7  7  7  7  4  4  4  4  4  4  4  4
  4  4  4  4  4  4  4  4  4  4  4  4  4  4  4  4  4  4  4  4  4  4  4  4
  2  2  2  2  2  2  2  2  2  2  2  2  2  2  2  2  4  2  2  2  2  2  2  2
  2  2  2  2  2  2  2  2  2  2  2  2  2  2  2  2  2  2  2  2  2  2  2  2
  2  2  2  2  2  2  2  2  2  2  2  2  2  2  2  2  2  2  2  2  2  2  2  2
  2  2  2  2  2  2  2  2  2  2  1  1  1  1  1  1  1  1  1  1  1  1  1  1
  1  1  1  1  1  1  1  1  1  1  1  1  1  1  1  1  1  1  1  1  1  1  1  1
  1  1  1  1  1  1  1  1  1  1  1  1  1  1  1  1  1  1  1  1  1  1  1  1
  1  1  1  1  1  1  1  1  1  1  1  1  1  6  1  1  1  1  1  1  1  1  1  1
  1  1  1  1  1  1  0  0  0  0  0  0  0  0  0  0  0  0  0  0  0  0  0  0
  0  0  0  0  0  0  0  0  0  0  0  0  0  0 10 10 10  0  0  0  0  0  0  0
  0  0  0  0 10 10 10 10 10 10 10 10  0  0  0  0  0  0  0  0  0  0  0  0
  0  0  0  0  0  0  0  0  0  0  0  0  0  0  0 10 10 10 10 10 10  0  0  0
  0  0  0  0  0 10 10 10 10 10 10 10 10 10  0  0  0  0  0  0  0  0  0 10
  0  0  0  0  0  0  0  0  0  0  0  0  0  0  0  0  0  0  0  0  0  0  0  0
  0 10  0  0  0  0  0  0  0  0  0  0]