x
1 2
2 2
3 2
4 2
5 2
6 5
7 2
8 2
9 11
10 2
11 5
12 2
13 2
14 11
15 5
16 5
17 5
18 2
19 5
20 5
21 2
22 5
23 2
24 2
25 2
26 2
27 2
28 2
29 2
30 2
31 2
32 2
33 5
34 5
35 2
36 2
37 5
38 2
39 2
40 2
41 2
42 11
43 11
44 2
45 5
46 2
47 5
48 2
49 5
50 2
51 10
52 10
53 10
54 1
55 10
56 1
57 10
58 7
59 10
60 1
61 7
62 1
63 1
64 10
65 1
66 10
67 1
68 1
69 10
70 1
71 4
72 1
73 10
74 10
75 10
76 10
77 10
78 4
79 10
80 7
81 7
82 7
83 1
84 4
85 1
86 10
87 10
88 10
89 1
90 1
91 1
92 10
93 1
94 7
95 1
96 1
97 1
98 10
99 7
100 1
101 4
102 4
103 8
104 8
105 6
106 3
107 9
108 6
109 8
110 12
111 4
112 4
113 6
114 4
115 6
116 6
117 8
118 12
119 3
120 4
121 6
122 4
123 3
124 4
125 6
126 8
127 4
128 4
129 6
130 8
131 3
132 12
133 6
134 10
135 4
136 3
137 6
138 8
139 4
140 6
141 6
142 6
143 4
144 6
145 6
146 6
147 4
148 4
149 6
150 4
