x
1 2
2 2
3 2
4 2
5 2
6 5
7 2
8 2
9 2
10 2
11 5
12 2
13 2
14 2
15 5
16 5
17 5
18 5
19 5
20 5
21 5
22 5
23 2
24 2
25 2
26 2
27 2
28 5
29 2
30 2
31 2
32 5
33 5
34 5
35 2
36 2
37 5
38 2
39 2
40 2
41 2
42 2
43 2
44 5
45 5
46 2
47 5
48 2
49 5
50 2
51 1
52 1
53 4
54 7
55 1
56 1
57 1
58 7
59 1
60 1
61 7
62 1
63 7
64 1
65 7
66 1
67 1
68 7
69 1
70 7
71 4
72 1
73 4
74 1
75 1
76 1
77 1
78 4
79 1
80 7
81 7
82 7
83 7
84 4
85 1
86 1
87 1
88 1
89 1
90 7
91 1
92 1
93 7
94 7
95 1
96 1
97 1
98 1
99 7
100 1
101 6
102 4
103 3
104 4
105 6
106 3
107 1
108 3
109 6
110 3
111 4
112 4
113 6
114 4
115 6
116 6
117 4
118 3
119 3
120 6
121 6
122 4
123 3
124 4
125 6
126 3
127 4
128 4
129 6
130 3
131 3
132 3
133 3
134 6
135 4
136 3
137 6
138 4
139 4
140 6
141 6
142 6
143 4
144 6
145 6
146 6
147 4
148 4
149 6
150 4
