x
1 2
2 2
3 2
4 2
5 2
6 2
7 2
8 2
9 2
10 2
11 2
12 2
13 2
14 2
15 2
16 2
17 2
18 2
19 2
20 2
21 2
22 2
23 2
24 2
25 2
26 2
27 2
28 2
29 2
30 2
31 2
32 2
33 2
34 2
35 2
36 2
37 2
38 2
39 2
40 2
41 2
42 2
43 2
44 2
45 2
46 2
47 2
48 2
49 2
50 2
51 5
52 5
53 5
54 1
55 1
56 5
57 5
58 1
59 5
60 1
61 1
62 5
63 1
64 5
65 1
66 5
67 5
68 1
69 5
70 1
71 5
72 1
73 5
74 5
75 1
76 5
77 5
78 1
79 5
80 1
81 1
82 1
83 1
84 5
85 5
86 5
87 5
88 5
89 1
90 1
91 1
92 5
93 1
94 1
95 1
96 1
97 1
98 5
99 1
100 1
101 4
102 4
103 3
104 4
105 4
106 3
107 1
108 3
109 4
110 3
111 4
112 4
113 4
114 4
115 4
116 4
117 4
118 3
119 3
120 5
121 4
122 4
123 3
124 5
125 4
126 4
127 5
128 5
129 4
130 3
131 3
132 3
133 4
134 5
135 5
136 3
137 4
138 4
139 5
140 4
141 4
142 4
143 4
144 4
145 4
146 4
147 4
148 4
149 4
150 4
