-- Anchors details --

H= 50
final number of anchors: 33

Default partition with H clusters: 
[ 0  0  0 ... 46 46 46]
Updated partition (where clusters with only one element have been merged with their closest neighbor): 
[ 0  0  0 ... 46 46 46]
Anchors ID: 
[37, 76, 80, 153, 247, 349, 358, 454, 504, 605, -1, 861, -1, 1077, 1449, 1301, 1369, 1486, 1653, -1, 1828, 1846, 1886, -1, 2257, 2267, 2281, 2397, -1, 2892, 2763, 2911, 2779]
Anchors position: 
[[649.948, 333.168], [624.855, 360.424], [637.609, 364.503], [162.034, 345.997], [334.993, 339.566], [485.224, 67.012], [431.04, 69.589], [451.224, 145.775], [506.497, 171.391], [544.398, 202.037], [557.293, 465.752], [276.99, 159.135], [557.293, 465.752], [376.398, 251.574], [39.297, 317.421], [313.93, 283.078], [453.706, 295.165], [474.028, 337.023], [88.208, 395.247], [557.293, 465.752], [353.395, 417.424], [377.046, 419.455], [245.642, 426.362], [557.293, 465.752], [14.943, 109.986], [57.366, 110.88], [279.222, 113.841], [630.962, 164.268], [557.293, 465.752], [541.292, 421.412], [602.052, 385.07], [632.094, 426.829], [500.079, 392.084]]

Partition with K clusters: 
[5 5 5 ... 0 0 0]
