ARI: 0.6130928304363947
minSplit: 0.24
Partition: 
[11 11 11 11 11 11 11  3  3  3  3  3  3  3  3  3  3  3 11 11 11 11 11 11
 11 11 11  3  3  3  3  3  3  3  3  3  3  3  3  3  3  3  3 11 11 11 11 11
 11 11 11 11 11 11  3  3  3  3  3  3  3  3  3  3  3  3  3  3  3  3  3  3
  3  3  3  3  3  3  3  3  3  3 11 11  3  3  3 11 11 11 11 11 11 11 11 11
 11 11  3  3  3  3  3  3  3  3  3  3  5  5  5  5  5  5  5  5  5  5  5  5
  5  5  5  5  5  5  5  5  5  5  5  5  6  6  6  6  6  6  6  6  6  6  6  6
  6  6  6  6  6  6  6  6  6  6  6  6  6  6  6  8  8  8  8  8  8  8  8  8
  8  8  8  8  8  8  8  8  8  8  8  8  8  8  8  8  8  8  8  8  8  8  8  8
  8  8  8  8  8  8  8  8  8  8  8  8  8  8  8  8  8  8  8  8  8  8  8  8
  8  8  8  8  8  8  8  8  8  8  8  8  8  8  8  8  4  4  4  4  4  4  4  4
  4  4  4  4  4  4  4  4  4  4  4  4  4  4  4  4  4  4  4  4  4  4  4  4
  0  0  0  0  0  0  0  0 12 12 12 12 12 12 12 12  0  0  0  0  0  0  0  0
  0  0  0  0  0  0 12 12 12 12 12 12 12 12 12 12 12 12  9 12 12  0  0  0
  0 12 12 12 12 12 12 12 12 12 12 12 12 12 12 12 12 12 12 12 12 12 12 12
 12 12 12 12 12 12 12 12 12 12  1  1  1  1  1  1  1  1  1  1  1  1  1  1
  1  1  1  1  1  1  1  1  1  1  1  1  1  1  1  1  1  1  1  1  1  1  1  1
  1  1  1  1  1  1  1  1  1  1  1  1  1  1  1  1  1  1  1  1  1  1  1  1
  1  1  1  1  1  1  1  1  1  1  1  1  1  1  1  1  1  1  1  1  1  1  1  1
  1  1  7  1  1  1  2  2  2  2  2  2  2  2  2  2  2  2  2  2  2  2  2  2
  2  2  2  2  2  2  2  2  2  2  2  2  2  2  2  2  2  2  2  2  2  2  2  2
 10  2  2  2  2  2  2  2  2  2  2  2  2  2  2  2  2  2  2  2  2  2  2  2
  2  2  2  2  2  2  2  2  2  2  2  2  2  2  2  2  2  2  2  2  2  2  2  2
  2  2  2  2  2  2  2  2  2  2  2  2  2  2  2  2  2  2  2  2  2  2  2  2
  2  2  2  2  2  2  2  2  2  2  2  2  2  2  2  2  2  2  2  2  2  2  2  2
  2  2  2  2  2  2  2  2  2  2  2  2]