ARI: 0.6045475340644555
minSplit: 0.21999999999999997
Partition: 
[ 4  4  4  4  4  4  4  4  4  2  2  2  2  2  2  2  2  2  4  4  4  4  4  4
  4  4  4  4  4  4  2  2  2  2  2  2  2  2  2  2  2  2  2  4  4  4  4  4
  4  4  4  4  4  4  4  4  4  4  4  2  2  2  2  2  2  2  2  2  2  2  2  4
  2  2  2  2  2  2  4  4  4  4  4  4  2  2  2  4  4  4  4  4  4  4  4  4
  4  4  2  2  2  2  2  2  2  2  2  2 10 10 10 10 10 10 10 10 10 10 10 10
 10 10 10 10 10 10 10 10 10 10 10 10 12 12 12 12 12  5  5 12 12 12 12 12
 12 12 12 12 12  5  5 12 12 12 12 12 12 12 12  7  7  7  7  7  7  7  7  7
  7  7  7  7  7  7  7  7  7  7  7  7  7  7  7  7  7  7  7  7  7  7  7  7
  7  7  7  7  7  7  7  7  7  7  7  7  7  7  7  7  7  7  7  7  7  7  7  7
  7  7  7  7  7  7  7  7  7  7  7  7  7  7  7  7  3  3  3  3  3  3  3  3
  3  3  3  3  3  3  3  3  3  3  3  3  3  3  3  3  3  3  3  3  3  3  9  3
  1  1  1  1  1  1  1  1  1  1  1  1  1  1  1  1  3  1  1  1  1  1  1  1
  1  1  1  1  1  1  1  1  1  1  1  1  1  1  1  1  1  1  1  1  1  1  1  1
  1  1  1  1  1  1  1  1  1  1  1  1  1  1  1  1  1  1  1  1  1  1  1  1
  1  1  1  1  1  1  1  1  1  1  8  8  8  8  8  8  8  8  8  8  8  8  8  8
  8  8  8  8  8  8  8  8  8  8  8  8  8  8  8  8  8  8  8  8  8  8  8  8
  8  8  8  8  8  8  8  8  8  8  8  8  8  8  8  8  8  8  8  8  8  8  8  8
  8  8  8  8  8  8  8  8  8  8  8  8  8  6  8  8  8  8  8  8  8  8  8  8
  8  8  8  8  8  8  0  0  0  0  0  0  0  0  0  0  0  0  0  0  0  0  0  0
  0  0  0  0  0  0  0  0  0  0  0  0  0  0  0  0  0  0  0  0  0  0  0  0
  0  0  0  0  0  0  0  0  0  0  0  0  0  0 11  0  0 11  0  0  0  0  0  0
  0  0  0  0  0  0  0  0  0  0  0  0  0  0  0  0  0  0  0  0  0  0  0  0
  0  0  0  0  0  0  0  0  0  0  0  0  0  0  0  0  0  0  0  0  0  0  0  0
  0  0  0  0  0  0  0  0  0  0  0  0  0  0  0  0  0  0  0  0  0  0  0  0
  0  0  0  0  0  0  0  0  0  0  0  0]