ARI: 0.7050752578320599
minSplit: 0.24
Partition: 
[ 3  3  3  3  3  3  3  3  3  3  3  3  3  3  3  3  3  3  3  3  3  3  3  3
  3  3  3  3  3  3  3  3  3  3  3  3  3  3  3  3  3  3  3  3  3  3  3  3
  3  3  3  3  3  3  3  3  3  3  3  3  3  3  3  3  3  3  3  3  3  3  3  3
  3  3  3  3  3  3  3  3  3  3  3  3  3  3  3  3  3  3  3  3  3  3  3  3
  3  3  3  3  3  3  3  3  3  3  3  3  5  5  5  5  5  5  5  5  5  5  5  5
  5  5  5  5  5  5  5  5  5  5  5  5  1  1  1  1  1  1  1  1  1  1  1  1
  1  1  1  1  1  1  1  1  1  1  1  1  1  1  1  9  9  9  9  9  9  9  9  9
  9  9  9  9  9  9  9  9  9  9  9  9  9  9  9  9  9  9  9  9  9  9  9  9
  9  9  9  9  9  9  9  9  9  9  9  9  9  9  9  9  9  9  9  9  9  9  9  9
  9  9  9  9  9  9  9  9  9  9  9  9  9  9  9  9 11 11 11 11 11 11 11 11
 11 11 11 11 11 11 11 11 11 11 11 11 11 11 11 11 11 11 11 11 11 11  0 11
  0  0  0  0  0  0  0  0 10 10 10 10 10 10 10 10  0  0  0  0  0  0  0  0
  0  0  0  0  0  0 10 10 10 10 10 10 10 10 10 10 10 10  8 10 10  0  0  0
  0 10 10 10 10 10 10 10 10 10 10 10 10 10 10 10 10 10 10 10 10 10 10 10
 10 10 10 10 10 10 10 10 10 10  2  2  2  2  2  2  2  2  2  2  2  2 12  2
  2  2  2  2  2  2  2  2  2  2  2  2  2  2  2  2  2  2  2  2  2  2  2  2
  2  2  2  2  2  2  2  2  2  2  2  2  2  2  2  2  2  2  2  2  2  2  2  2
  2  2  2  2  2  2  2  2  2  2  2  2  2  2  2  2  2  2  2  2  2  2  2  2
  2  2  7  2  2  2  4  4  4  4  4  4  4  4  4  4  4  4  4  4  4  4  4  4
  4  4  4  4  4  4  4  4  4  4  4  4  4  4  4  4  4  4  4  4  4  4  4  4
  6  4  4  4  4  4  4  4  4  4  4  4  4  4  4  4  4  4  4  4  4  4  4  4
  4  4  4  4  4  4  4  4  4  4  4  4  4  4  4  4  4  4  4  4  4  4  4  4
  4  4  4  4  4  4  4  4  4  4  4  4  4  4  4  4  4  4  4  4  4  4  4  4
  4  4  4  4  4  4  4  4  4  4  4  4  4  4  4  4  4  4  4  4  4  4  4  4
  4  4  4  4  4  4  4  4  4  4  4  4]