ARI: 0.6288632145797933
minSplit: 0
Partition: 
[12 12 12 12 12  5  5  5  5  4  4  4  4  4  4  4  4  4 12 12 12 12 12 12
 12  5  5  5  5  5  4  4  4  4  4  4  4  4  4  4  4  4  4 12 12 12 12 12
 12 12 12  5  5  5  5  5  5  5  5  4  4  4  4  4  4  4  4  4  4  4  4  4
  4  4  4  4  4  4  5  5  5  5  5  5  4  4  4  5  5 12 12 12 12 12 12 12
 12 12  4  4  4  4  4  4  4  4  4  4 11 11 11 11 11 11 11 11 11 11 11 11
 11 11 11 11 11 11 11 11 11 11 11 11  9  9  9  9  9  9  9  9  9  9  9  9
  9  9  9  9  9  9  9  9  9  9  9  9  9  9  9  6  6  6  6  6  6  6  6  6
  6  6  6  6  6  6  6  6  6  6  6  6  6  6  6  6  6  6  6  6  6  6  6  6
  6  6  6  6  6  6  6  6  6  6  6  6  6  6  6  6  6  6  6  6  6  6  6  6
  6  6  6  6  6  6  6  6  6  6  6  6  6  6  6  6  8  8  8  8  8  8  8  8
  8  8  8  8  8  8  8  8  8  8  8  8  8  8  8  8  8  8  8  8  8  8  8  8
  3  3  3  3  3  3  3  3  3  3  3  3  3  3  3  3 10  3  3  3  3  3  3  3
  3  3  3  3  3  3  3  3  3  3  3  3  3  3  3  3  3  3  3  3  3  3  3  3
  3  3  3  3  3  3  3  3  3  3  3  3  3  3  3  3  3  3  3  3  3  3  3  3
  3  3  3  3  3  3  3  3  3  3  1  1  1  1  1  1  1  1  1  1  1  1  1  1
  1  1  1  1  1  1  1  1  1  1  1  1  1  1  1  1  1  1  1  1  1  1  1  1
  1  1  1  1  1  1  1  1  1  1  1  1  1  1  1  1  1  1  1  1  1  1  1  1
  1  1  1  1  1  1  1  1  1  1  1  1  1  1  1  1  1  1  1  1  1  1  1  1
  1  1  1  1  1  1  0  0  0  0  0  0  0  0  0  0  0  0  0  0  0  0  0  0
  0  0  0  0  0  0  0  0  0  0  0  0  0  0  7  0  0  0  0  0  0  0  0  0
  0  0  0  0  0  0  0  7  0  0  0  0  2  0  2  0  0  2  2  2  0  0  0  2
  0  0  0  0  0  0  0  0  0  0  0  0  0  0  0  0  0  0  0  0  0  0  0  0
  0  0  0  0  0  7  0  7  0  0  0  0  0  0  2  2  2  2  0  0  2  2  2  0
  2  2  2  2  2  2  2  2  2  2  0  2  2  2  2  2  2  0  0  0  2  2  2  2
  2  0  2  2  2  2  2  2  2  2  2  2]