523 454 161
220 465 512
43 153 296
263 406 365
422 579 88
150 162 464
195 469 369
50 123 515
435 284 238
190 209 584
278 185 61
88 84 464
20 110 500
44 8 353
132 14 303
240 441 409
538 532 5
42 219 323
420 541 574
138 338 539
222 270 574
251 444 132
202 232 333
400 203 60
101 134 248
193 355 398
180 120 99
295 448 390
72 111 382
551 429 387
126 253 461
225 141 129
466 316 133
271 454 194
459 455 426
498 243 251
278 284 426
227 421 403
430 441 104
219 324 412
536 566 553
235 578 152
36 171 474
332 335 327
77 348 357
504 51 53
24 186 466
405 436 507
397 369 46
48 22 437
260 354 2
116 478 573
266 349 518
232 181 364
150 574 349
583 439 125
479 581 81
36 474 394
312 281 525
28 25 373
444 525 152
414 489 135
238 173 71
221 174 112
449 417 404
415 494 47
344 489 556
0 259 523
165 178 168
132 13 287
125 554 361
261 579 417
211 298 386
4 269 352
181 257 250
407 363 329
73 14 464
356 579 220
431 264 28
574 452 371
574 446 456
542 292 41
12 93 288
478 524 209
118 303 437
179 507 571
98 31 185
138 76 431
98 162 256
208 129 580
342 478 202
425 245 139
112 133 24
179 48 414
443 457 93
564 344 10
109 48 411
424 519 474
204 159 82
491 332 105
