155 150 581
270 317 94
328 439 545
383 349 353
362 523 210
167 192 89
339 276 49
471 566 392
241 446 203
541 161 150
60 229 477
270 432 87
106 75 474
340 378 530
541 512 410
321 280 437
114 543 519
515 267 194
328 348 35
467 305 153
265 350 155
496 476 11
478 253 226
43 262 571
396 311 17
2 139 292
501 563 383
196 54 521
322 399 419
224 131 343
290 423 46
342 313 349
265 239 54
162 67 561
484 306 129
268 293 515
188 232 445
436 239 140
316 396 199
288 483 76
554 77 97
37 177 535
461 492 267
556 487 161
542 354 75
32 318 392
506 246 412
122 235 471
4 188 370
230 227 459
444 467 584
326 534 123
208 127 313
303 294 500
42 96 406
180 195 238
203 169 321
63 306 314
355 551 278
138 143 238
485 501 402
509 556 132
462 552 87
197 275 538
207 204 145
402 487 302
124 249 544
169 440 542
388 437 86
409 390 312
329 459 133
369 63 24
288 359 364
245 583 55
336 560 127
173 458 552
519 188 97
32 280 499
312 277 56
216 112 23
41 442 283
551 574 229
203 305 420
67 124 173
493 541 292
7 244 527
40 159 572
162 294 418
480 254 52
515 391 54
398 173 25
215 164 262
276 301 161
123 190 168
258 424 135
273 275 540
138 190 475
463 301 233
566 375 72
19 47 329
