240 313 18
580 469 398
253 166 438
297 524 118
578 383 120
234 212 36
1 103 259
469 374 140
274 305 177
43 30 269
176 284 441
40 251 334
150 246 388
194 200 567
529 437 44
208 91 395
406 582 162
470 385 207
146 273 558
531 386 19
533 297 78
201 567 542
394 525 191
163 440 353
100 468 406
250 511 388
463 363 365
463 177 41
205 103 67
217 458 453
48 25 246
485 265 221
385 170 189
512 558 207
57 58 579
78 36 372
261 181 87
72 140 306
259 175 122
526 290 91
293 457 78
240 264 147
172 56 264
329 298 542
294 437 190
193 297 319
317 167 80
510 423 46
567 381 12
462 465 160
191 131 381
535 500 319
445 483 303
457 246 58
410 451 476
502 358 389
143 180 432
326 376 213
229 102 367
50 95 305
49 257 297
32 284 542
46 511 442
41 225 173
231 350 372
510 576 56
438 297 394
502 224 124
331 465 491
280 452 540
467 167 166
50 85 147
395 522 472
502 428 289
368 421 31
475 283 66
93 191 581
563 532 258
445 159 85
584 76 101
39 297 563
486 406 8
481 440 410
39 41 229
33 160 366
407 308 514
517 37 31
124 323 563
257 277 506
330 209 44
509 561 249
438 274 57
94 191 549
93 210 546
568 544 172
147 268 368
157 96 494
201 187 554
237 469 363
81 91 260
