74 562 555
229 62 395
69 514 526
193 316 437
538 576 444
218 56 574
516 350 128
101 306 376
580 106 173
88 147 377
543 292 199
209 26 557
372 435 256
19 14 262
211 514 579
25 217 479
377 315 269
341 345 382
467 526 501
115 516 333
441 328 325
286 456 527
235 450 176
38 244 527
508 249 132
326 342 258
136 81 496
514 449 97
222 77 304
430 568 232
85 174 476
274 587 116
487 434 259
375 128 78
94 114 579
51 582 378
363 238 91
490 547 109
429 421 123
164 384 371
390 485 576
391 292 304
194 295 447
202 154 463
461 492 114
511 195 171
451 540 437
190 202 327
131 136 402
324 485 507
524 308 243
371 271 115
162 134 27
333 167 15
155 108 124
108 133 271
425 436 175
58 172 431
191 32 371
209 180 164
91 277 389
140 223 181
325 100 50
297 533 203
456 327 153
231 224 322
203 199 293
240 507 540
354 521 202
477 470 460
280 219 195
472 507 62
201 90 327
327 344 98
160 447 396
439 226 154
136 196 371
123 259 349
449 271 387
231 217 107
477 480 410
44 24 62
470 159 53
217 169 155
268 412 577
288 394 562
469 491 25
191 169 39
448 453 24
68 232 332
59 32 576
29 454 433
505 525 119
468 101 94
363 513 8
8 142 293
135 505 358
210 270 4
173 164 251
175 545 586
