223 238 304
176 89 356
53 157 573
16 288 551
225 463 563
238 335 524
95 198 325
420 564 242
361 562 176
386 104 8
470 305 170
311 261 119
151 156 114
125 250 254
568 297 91
24 451 573
303 583 56
410 490 316
84 98 126
405 491 511
268 345 221
10 541 356
44 465 374
569 321 105
535 415 120
193 27 542
120 517 471
293 358 185
109 20 274
139 4 60
481 290 15
125 213 354
559 341 150
195 548 571
123 27 206
460 530 374
466 171 230
402 162 0
138 143 422
518 437 316
113 387 408
350 481 202
21 243 356
544 295 80
12 131 532
80 318 418
232 537 400
427 218 86
78 339 379
541 363 95
504 324 418
520 459 158
485 503 131
311 327 587
332 269 547
214 560 422
508 349 397
452 262 180
17 108 463
448 581 185
480 576 177
104 131 340
147 303 576
142 179 442
125 263 334
353 442 540
430 475 321
416 474 583
358 431 414
152 222 92
272 571 170
273 283 314
317 431 166
326 260 541
183 547 399
196 277 316
196 65 314
341 452 362
363 226 188
232 440 70
139 215 6
100 80 157
95 79 286
40 173 348
42 99 67
499 17 78
576 435 387
221 81 373
280 170 372
60 279 584
165 14 508
421 382 133
127 2 309
65 307 494
561 295 209
34 99 222
524 426 117
543 384 154
473 415 256
226 269 537
