[ 5  5  5  5  5  5  5 10 10 10 10  9  9  9  9  9  9  9  5  5  5  5  5  5
  5  5  5 10 10 10 10 10 10 10  9  9  9  9  9  9  9  9  9  5  5  5  5  5
  5  5  5  5  5  5 10 10 10 10 10 10 10 10  9 10 10 10 10 10  9  9  9  9
  9  9  9  9  9 10 10 10 10 10  5  5  9  9  9  5  5  5  5  5  5  5  5  5
  5  5  9  9  9  9 10  9  9  9  9  9  8  8  8  8  8  8  8  8  8  8  8  8
  8  8  8  8  8  8  8  8  8  8  8  8  8  8  8  8  8  2  2  8  8  8  8  8
  8  8  8  8  8  2  2  8  8  8  8  8  8  8  8  2  2  2  2  2  2  2  2  2
  2  2  2  2  2  2  2  2  2  2  2  2  2  2  2  2  2  2  2  2  2  2  2  2
  2  2  2  2  2  2  2  2  2  2  2  2  2  2  2  2  2  2  2  2  2  2  2  2
  2  2  2  2  2  2  2  2  2  2  2  2  2  2  2  2  4  4  4  4  4  4  4  4
  4  4  4  4  4  4  4  4  4  4  4  4  4  4  4  4  4  4  4  4  4  4  4  4
  6  6  6  6  6  6  6  6  4  4  4  4  4  4  4  4  4  6  6  6  6  6  6  6
  6  6  6  6  6  6  6  4  4  4  4  4  4  4  4  4  4  4  6  4  4  6  6  6
  6  6  6  6  6  6  6  6  6  6  6  6  6  6  6  6  6  6  6  6  6  6  6  6
  6  6  6  6  4  4  6  6  6  6  3  3  3  3  1  1  1  3  3  3  3  3  1  3
  1  1  1  1  1  1  1  3  3  3  3  1  1  1  1  1  1  1  3  3  3  3  1  1
  1  1  1  1  1  1  1  1  1  1  1  1  1  1  1  1  1  1  1  1  1  1  1  1
  1  1  1  1  1  1  3  3  3  1  3  3  3  3  3  3  1  3  3  3  3  3  3  3
  3  3  3  3  3  3  7  7  7  7  7  7  7  0  7  7  7  7  7  7  7  0  7  7
  7  7  0  0  0  7  7  7  0  7  7  7  7  7  3  7  7  7  7  0  0  0  0  0
  0  0  7  7  7  7  7  3  7  7  7  7  7  7  7  7  7  7  7  7  0  0  0  0
  0  0  0  0  0  0  0  0  0  0  0  0  0  0  7  7  7  7  7  7  7  0  0  0
  0  0  0  0  0  3  7  3  7  7  7  7  7  7  7  7  0  0  0  0  0  0  7  7
  7  7  7  7  7  0  7  0  0  0  0  0  0  7  7  7  0  0  0  0  0  0  0  0
  7  7  7  7  7  7  0  0  0  0  7  7]
[1 1 1 1 1 1 1 1 1 1 1 1 1 1 1 1 1 1 1 1 1 1 1 1 1 1 1 1 1 1 1 1 1 1 1 1 1
 1 1 1 1 1 1 1 1 1 1 1 1 1 1 1 1 1 1 1 1 1 1 1 1 1 1 1 1 1 1 1 1 1 1 1 1 1
 1 1 1 1 1 1 1 1 1 1 1 1 1 1 1 1 1 1 1 1 1 1 1 1 1 1 1 1 1 1 1 1 1 1 1 1 1
 1 1 1 1 1 1 1 1 1 1 1 1 1 1 1 1 1 1 1 1 1 1 1 1 1 1 1 1 1 1 1 1 1 1 1 1 1
 1 1 1 1 1 1 1 1 1 1 1 1 1 1 1 1 1 1 1 1 1 1 1 1 1 1 1 1 1 1 1 1 1 1 1 1 1
 1 1 1 1 1 1 1 1 1 1 1 1 1 1 1 1 1 1 1 1 1 1 1 1 1 1 1 1 1 1 1 1 1 1 1 1 1
 1 1 1 1 1 1 1 1 1 1 0 0 0 0 0 0 0 0 0 0 0 0 0 0 0 0 0 0 0 0 0 0 0 0 0 0 0
 0 0 0 0 0 0 0 0 0 0 0 0 0 0 0 0 0 0 0 0 0 0 0 0 0 0 0 0 0 0 0 0 0 0 0 0 0
 0 0 0 0 0 0 0 0 0 0 0 0 0 0 0 0 0 0 0 0 0 0 0 0 0 0 0 0 0 0 0 0 0 0 0 0 0
 0 0 0 0 0 0 0 0 0 0 0 0 0 2 2 2 2 2 2 2 2 2 2 2 2 2 2 2 2 2 2 2 2 2 2 2 2
 2 2 2 2 2 2 2 2 2 2 2 2 2 2 2 2 2 2 2 2 2 2 2 2 2 2 2 2 2 2 2 2 2 2 2 2 2
 2 2 2 2 2 2 2 2 2 2 2 2 2 2 2 2 2 2 2 2 2 2 2 2 2 2 2 2 2 2 2 3 3 3 3 3 3
 3 3 3 3 3 3 3 3 3 3 3 3 3 3 3 3 3 3 3 3 3 3 3 3 3 3 2 3 3 3 3 3 3 3 3 3 3
 3 3 3 3 3 3 2 3 3 3 3 3 3 3 3 3 3 3 3 3 3 3 3 3 3 3 3 3 3 3 3 3 3 3 3 3 3
 3 3 3 3 3 3 3 3 3 3 3 3 3 3 3 2 3 2 3 3 3 3 3 3 3 3 3 3 3 3 3 3 3 3 3 3 3
 3 3 3 3 3 3 3 3 3 3 3 3 3 3 3 3 3 3 3 3 3 3 3 3 3 3 3 3 3 3 3 3 3]
[3 3 3 3 3 3 3 3 3 5 5 5 5 5 5 5 5 5 3 3 3 3 3 3 3 3 3 3 3 3 5 5 5 5 5 5 5
 5 5 5 5 5 5 3 3 3 3 3 3 3 3 3 3 3 3 3 3 3 3 5 5 5 5 5 5 5 5 5 5 5 5 5 5 5
 5 5 5 5 3 3 3 3 3 3 5 5 5 3 3 3 3 3 3 3 3 3 3 3 5 5 5 5 5 5 5 5 5 5 3 3 3
 3 3 5 5 5 5 3 3 3 3 5 3 5 3 3 5 5 5 3 5 5 4 4 4 4 4 4 4 4 4 4 4 4 4 4 4 4
 4 4 4 4 4 4 4 4 4 4 4 4 4 4 4 4 4 4 4 4 4 4 4 4 4 4 4 4 4 4 4 4 4 4 4 4 4
 4 4 4 4 4 4 4 4 4 4 4 4 4 4 4 4 4 4 4 4 4 4 4 4 4 4 4 4 4 4 4 4 4 4 4 4 4
 4 4 4 4 4 4 4 4 4 4 1 1 1 1 1 1 1 1 1 1 1 1 1 1 1 1 1 1 1 1 1 1 1 1 1 1 1
 1 1 1 1 1 1 1 1 1 1 1 1 1 1 1 1 1 1 1 1 1 1 1 1 1 1 1 1 1 1 1 1 1 1 1 1 1
 1 1 1 1 1 1 1 1 1 1 1 1 1 1 1 1 1 1 1 1 1 1 1 1 1 1 1 1 1 1 1 1 1 1 1 1 1
 1 1 1 1 1 1 1 1 1 1 1 1 1 2 2 2 2 2 2 2 2 2 2 2 2 2 2 2 2 2 2 2 2 2 2 2 2
 2 2 2 2 2 2 2 2 2 2 2 2 2 2 2 2 2 2 2 2 2 2 2 2 2 2 2 2 2 2 2 2 2 2 2 2 2
 2 2 2 2 2 2 2 2 2 2 2 2 2 2 2 2 2 2 2 2 2 2 2 2 2 2 2 2 2 2 2 0 0 0 0 0 0
 6 6 6 0 0 0 0 0 6 6 6 0 0 0 6 6 6 6 0 0 6 6 0 0 6 6 0 0 0 0 6 6 6 6 6 6 6
 6 0 0 0 0 0 0 0 0 0 0 0 0 0 0 0 0 0 0 6 6 6 6 6 6 6 6 6 6 6 6 6 6 6 6 6 6
 0 0 0 0 0 0 0 6 6 6 6 6 6 6 6 0 0 0 0 0 0 0 0 0 0 0 6 6 6 6 6 0 0 0 0 0 0
 0 0 0 0 6 6 6 6 6 6 0 0 0 6 6 6 6 6 6 6 0 0 0 0 0 0 0 0 6 6 0 0 0]
[5 5 5 5 5 5 5 5 5 1 1 1 1 1 1 1 1 1 5 5 5 5 5 5 5 5 5 5 5 5 1 1 1 1 1 1 1
 1 1 1 1 1 1 5 5 5 5 5 5 5 5 5 5 5 5 5 5 5 5 1 1 1 1 1 1 1 1 1 1 1 1 1 1 1
 1 1 1 1 1 5 5 5 5 5 1 1 1 5 5 5 5 5 5 5 5 5 5 5 1 1 1 1 1 1 1 1 1 1 3 3 3
 3 3 3 3 3 3 3 3 3 3 3 3 3 3 3 3 3 3 3 3 3 3 3 3 3 3 8 8 3 3 3 3 3 3 3 3 3
 3 8 8 3 3 3 3 3 3 3 3 8 8 8 8 8 8 8 8 8 8 8 8 8 8 8 8 8 8 8 8 8 8 8 8 8 8
 8 8 8 8 8 8 8 8 8 8 8 8 8 8 8 8 8 8 8 8 8 8 8 8 8 8 8 8 8 8 8 8 8 8 8 8 8
 8 8 8 8 8 8 8 8 8 8 7 7 7 7 7 7 7 7 7 7 7 7 7 7 7 7 7 7 7 7 7 7 7 7 7 7 7
 7 7 7 7 7 2 2 2 2 2 2 2 2 2 7 7 7 7 7 7 7 2 2 2 2 2 2 2 2 2 2 2 2 2 2 2 2
 7 7 7 7 7 7 7 7 7 7 2 7 7 2 2 2 2 2 2 2 2 2 2 2 2 2 2 2 2 2 2 2 2 2 2 2 2
 2 2 2 2 2 2 2 2 2 2 2 2 2 0 0 0 0 0 0 0 0 0 0 0 0 0 0 0 0 0 0 0 0 0 0 0 0
 0 0 0 0 0 0 0 0 0 0 0 0 0 0 0 0 0 0 0 0 0 0 0 0 0 0 0 0 0 0 0 0 0 0 0 0 0
 0 0 0 0 0 0 0 0 0 0 0 0 0 0 0 0 0 0 0 0 0 0 0 0 0 0 0 0 0 0 0 4 4 4 4 4 4
 9 9 9 4 4 4 4 4 9 9 9 4 4 4 9 9 9 9 4 4 9 9 4 4 9 9 4 4 4 4 9 9 9 9 9 9 9
 9 6 4 4 4 4 4 4 4 4 4 6 4 6 6 4 6 6 6 6 9 9 6 9 9 9 9 9 9 9 9 9 9 9 9 9 9
 4 4 4 4 4 4 4 9 9 9 9 9 9 9 9 4 4 4 4 4 4 4 4 6 6 6 6 6 9 9 6 6 6 6 6 6 6
 6 6 6 6 6 6 6 9 6 6 6 6 6 6 9 9 6 6 6 6 6 6 6 6 6 6 6 6 6 6 6 6 6]
[3 3 3 3 3 3 3 6 6 6 6 1 1 1 1 1 1 1 3 3 3 3 3 3 3 3 3 6 6 6 6 6 6 6 1 1 1
 1 1 1 1 1 1 3 3 3 3 3 3 3 3 3 3 3 6 6 6 6 6 6 6 6 1 6 6 6 6 6 1 1 1 1 1 1
 1 1 1 6 6 6 6 6 3 3 1 1 1 3 3 3 3 3 3 3 3 3 3 3 1 1 1 1 6 1 1 1 1 1 2 2 2
 2 2 2 2 2 2 2 2 2 2 2 2 2 2 2 2 2 2 2 2 2 2 2 2 2 2 8 8 2 2 2 2 2 2 2 2 2
 2 8 8 2 2 2 2 2 2 2 2 8 8 8 8 8 8 8 8 8 8 8 8 8 8 8 8 8 8 8 8 8 8 8 8 8 8
 8 8 8 8 8 8 8 8 8 8 8 8 8 8 8 8 8 8 8 8 8 8 8 8 8 8 8 8 8 8 8 8 8 8 8 8 8
 8 8 8 8 8 8 8 8 8 8 4 4 4 4 4 4 4 4 4 4 4 4 4 4 4 4 4 4 4 4 4 4 4 4 4 4 4
 4 4 4 4 4 4 4 4 4 4 4 4 4 4 4 4 4 4 4 4 4 4 4 4 4 4 4 4 4 4 4 4 4 4 4 4 4
 4 4 4 4 4 4 4 4 4 4 4 4 4 4 4 4 4 4 4 4 4 4 4 4 4 4 4 4 4 4 4 4 4 4 4 4 4
 4 4 4 4 4 4 4 4 4 4 4 4 4 5 5 5 5 5 5 5 5 5 5 5 5 5 5 5 5 5 5 5 5 5 5 5 5
 5 5 5 5 5 5 5 5 5 5 5 5 5 5 5 5 5 5 5 5 5 5 5 5 5 5 5 5 5 5 5 5 5 5 5 5 5
 5 5 5 5 5 5 5 5 5 5 5 5 5 5 5 5 5 5 5 5 5 5 5 5 5 5 5 5 5 5 5 7 7 7 7 7 7
 0 0 0 0 7 7 7 7 0 0 0 0 7 7 0 0 0 0 0 7 0 0 7 7 0 0 7 7 7 7 0 0 0 0 0 0 0
 0 0 7 7 7 7 7 7 7 7 7 7 7 7 0 7 7 7 0 0 0 0 0 0 0 0 0 0 0 0 0 0 0 0 0 0 0
 7 7 7 7 7 7 7 0 0 0 0 0 0 0 0 7 7 7 7 7 7 7 7 7 7 7 0 0 0 0 0 0 7 7 7 7 7
 7 7 0 7 0 0 0 0 0 0 7 7 7 0 0 0 0 0 0 0 0 7 7 7 7 7 7 0 0 0 0 7 7]
[17 17 17 14 14 14 14 18 18 18 10 10 10 10 13 13 13 13 17 17 17 17 17 14
 14 14 14 18 18 18 18 18 10 10 10 10 10 10 13 13 13 13 13 17 17 17 17 17
 14 17 14 14 14 14 18 18 18 18 18 18 10 10 10 10 10 18 10 10 10 10 10 13
 13 13 13 13 13 18 18 18 18 18 14 14 10 10 13 14 14 14 14 17 17 17 17 17
 17 17 10 10 13 10 10 10 13 13 13 13  5  5  5  5  5  5  5  5  5  5  5  5
  5  5  5  5  5  5  5  5  5  5  5  5 16 16 16 16 16 16 16 16 16 16 16 16
 16 16 16 16 16 16 16 16 16 16 16 16 16 16 16  8  8  8  8  8  8  8  8  8
  8  8  8  8  8  8  8  8  8  8  8  8  8  8  8  8  8  8  8  8  8  8  8  8
  8  8  8  8  8  8  8  8  8  8  8  8  8  8  8  8  8  8  8  8  8  8  8  8
  8  8  8  8  8  8  8  8  8  8  8  8  8  8  8  8  9 11 11 11 11 11 11 11
 11 11 11 11 11 11 11 11 11  9 11 11 11 11 11 11 11 11  9  9  9  9  9  9
  9  9  9  9  9  9  9  9 11 11 11 11 11 11 11 11  9  9  9  9  9  9  9  9
  9  9  9  9  9  9  1  1 11 11 11 11 11 11 11 11 11 11  9 11 11  9  9  9
  9  9  1  1  1  1  1  1  1  1  1  1  1  1  1  1  1  1  1  1  1  1  1  1
  1  1  1  1  1  1  1  1  1  1  0  0  0  0 15 19 19  0  0  0  0  0  2 15
  2 15 19 19 19 19 19  0  0  0  0 19 19 19 19 19 19 15  0 15 15 15 19 19
 19 15  2  2  2  2  2  2  2  2  2  2  2  2  2  2  2  2  2  2  2  2  2  2
  2  2  2  2  2  2  0 15 15 19 15 15 15 15 15 15 19 15 15 15 15  0 15 15
 15 15 15  0 15 15  6  6  6  6  6  6  6  6  6  6  6  6  6  6  6  6  6  6
  6  6  6  6  6  6  6  6  6  6  6  6  6  6  7  7  3  6  6  6  4  4  4  4
  4  6  6  6  3  7  7  7  7  7  3  3  3  3  3  6  6  3  3 12 12 12 12 12
  4  4  4  4  4  4  4  4  4  4  4  4 12 12  6  7  7  7  7  7  3  6  6  4
  4  4  4  4  4  7  7  7  7  7  7  7  3  3  3  3 12 12  4 12 12 12  3  3
  3  3  3  3  3 12  3 12 12 12 12 12 12 12  3  3 12  4  4 12 12 12 12 12
  3  3  3  3  3 12 12 12 12 12  3  3]
[2 2 2 2 2 2 2 2 2 2 2 2 2 2 2 2 2 2 2 2 2 2 2 2 2 2 2 2 2 2 2 2 2 2 2 2 2
 2 2 2 2 2 2 2 2 2 2 2 2 2 2 2 2 2 2 2 2 2 2 2 2 2 2 2 2 2 2 2 2 2 2 2 2 2
 2 2 2 2 2 2 2 2 2 2 2 2 2 2 2 2 2 2 2 2 2 2 2 2 2 2 2 2 2 2 2 2 2 2 2 2 2
 2 2 2 2 2 2 2 2 2 2 2 2 2 2 2 2 2 2 2 2 2 2 2 2 2 2 2 2 2 2 2 2 2 2 2 2 2
 2 2 2 2 2 2 2 2 2 2 2 2 2 2 2 2 2 2 2 2 2 2 2 2 2 2 2 2 2 2 2 2 2 2 2 2 2
 2 2 2 2 2 2 2 2 2 2 2 2 2 2 2 2 2 2 2 2 2 2 2 2 2 2 2 2 2 2 2 2 2 2 2 2 2
 2 2 2 2 2 2 2 2 2 2 1 1 1 1 1 1 1 1 1 1 1 1 1 1 1 1 1 1 1 1 1 1 1 1 1 1 1
 1 1 1 1 1 1 1 1 1 1 1 1 1 1 1 1 1 1 1 1 1 1 1 1 1 1 1 1 1 1 1 1 1 1 1 1 1
 1 1 1 1 1 1 1 1 1 1 1 1 1 1 1 1 1 1 1 1 1 1 1 1 1 1 1 1 1 1 1 1 1 1 1 1 1
 1 1 1 1 1 1 1 1 1 1 1 1 1 0 0 0 0 0 0 0 0 0 0 0 0 0 0 0 0 0 0 0 0 0 0 0 0
 0 0 0 0 0 0 0 0 0 0 0 0 0 0 0 0 0 0 0 0 0 0 0 0 0 0 0 0 0 0 0 0 0 0 0 0 0
 0 0 0 0 0 0 0 0 0 0 0 0 0 0 0 0 0 0 0 0 0 0 0 0 0 0 0 0 0 0 0 3 3 3 3 3 3
 3 3 3 3 3 3 3 3 3 3 3 3 3 3 3 3 3 3 3 3 3 3 3 3 3 3 0 3 3 3 3 3 3 3 3 3 3
 3 3 3 3 3 3 0 3 3 3 3 3 3 3 3 3 3 3 3 3 3 3 3 3 3 3 3 3 3 3 3 3 3 3 3 3 3
 3 3 3 3 3 3 3 3 3 3 3 3 3 3 3 0 3 0 3 3 3 3 3 3 3 3 3 3 3 3 3 3 3 3 3 3 3
 3 3 3 3 3 3 3 3 3 3 3 3 3 3 3 3 3 3 3 3 3 3 3 3 3 3 3 3 3 3 3 3 3]
[0 0 0 0 0 0 0 0 0 8 8 8 8 8 8 8 8 8 0 0 0 0 0 0 0 0 0 0 0 0 8 8 8 8 8 8 8
 8 8 8 8 8 8 0 0 0 0 0 0 0 0 0 0 0 0 0 0 0 0 8 8 8 8 8 8 8 8 8 8 8 8 8 8 8
 8 8 8 8 8 0 0 0 0 0 8 8 8 0 0 0 0 0 0 0 0 0 0 0 8 8 8 8 8 8 8 8 8 8 1 1 1
 1 1 1 1 1 1 1 1 1 1 1 1 1 1 1 1 1 1 1 1 1 1 1 1 1 1 2 2 1 1 1 1 1 1 1 1 1
 1 2 2 1 1 1 1 1 1 1 1 2 2 2 2 2 2 2 2 2 2 2 2 2 2 2 2 2 2 2 2 2 2 2 2 2 2
 2 2 2 2 2 2 2 2 2 2 2 2 2 2 2 2 2 2 2 2 2 2 2 2 2 2 2 2 2 2 2 2 2 2 2 2 2
 2 2 2 2 2 2 2 2 2 2 5 5 5 5 5 5 5 5 5 5 5 5 5 5 5 5 5 5 5 5 5 5 5 5 5 5 5
 5 5 5 5 5 4 4 4 4 4 4 4 4 3 3 3 3 3 3 3 3 4 4 4 4 4 4 4 4 4 4 4 4 4 4 3 3
 3 3 3 3 3 3 3 3 3 3 4 3 3 4 4 4 4 4 4 4 4 3 3 3 3 4 4 4 4 3 3 3 3 4 4 4 4
 4 3 3 3 3 3 3 3 3 3 4 3 4 9 9 9 9 9 9 9 9 9 9 9 9 9 9 9 9 9 9 9 9 9 9 9 9
 9 9 9 9 9 9 9 9 9 9 9 9 9 9 9 9 9 9 9 9 9 9 9 9 9 9 9 9 9 9 9 9 9 9 9 9 9
 9 9 9 9 9 9 9 9 9 9 9 9 9 9 9 9 9 9 9 9 9 9 9 9 9 9 9 9 9 9 9 6 6 6 6 6 6
 7 7 7 7 6 6 6 6 7 7 7 7 6 6 7 7 7 7 7 6 7 7 6 6 7 7 6 6 6 6 7 7 7 7 7 7 7
 7 7 6 6 6 6 6 6 6 6 6 6 6 6 7 6 6 6 7 7 7 7 7 7 7 7 7 7 7 7 7 7 7 7 7 7 7
 6 6 6 6 6 6 6 7 7 7 7 7 7 7 7 6 6 6 6 6 6 6 6 6 6 6 7 7 7 7 7 7 6 6 6 6 6
 6 6 7 6 7 7 7 7 7 7 6 6 6 7 7 7 7 7 7 7 6 6 6 6 6 6 6 6 7 7 6 6 6]
[ 6  6  6  6  6  5  5  5  5 11 11  7  7  7 13 13 13 13  6  6  6  6  6  6
  6  5  5  5  5 11 11 11 11 11  7  7  7  7  7 13 13 13 13  6  6  6  6  6
  6  6  6  5  5  5  5  5  5  5 11 11 11 11  7 11 11 11 11 11  7  7  7  7
 13 13 13 13 13 11 11  5  5  5  5  5  7  7  7  5  5  6  6  6  6  6  6  6
  6  6  7  7  7  7 11  7 13 13 13 13 17 17 17 17 17 17 17 17 17 17 17 17
 17 17 17 17 17 17 17 17 17 17 17 17 19 19 19 19 19 19 19 19 19 19 19 19
 19 19 19 19 19 19 19 19 19 19 19 19 19 19 19  4  4  4  4  4  8  8  8  8
  8  4  4  4  4  8  8  8  8  4  4  8  8  8  4  4  4  8  4  4  4  4  4  4
  8  4  4  4  4  4  4  4  8  8  8  8  8  8  8  8  8  8  8  8  8  4  4  4
  8  8  8  8  8  8  4  4  8  8  8  8  8  4  4  8  2  2  2  2  2  2  2  2
  2  2  2  2  2  2  2  2  2  2  2  2  2  2  2  2  2  2  2  2  2  2 14  2
 14 14 14 14 14 14 14 14 10 10 10 10 10 10 10 10 14 14 14 14 14 14 14 14
 14 14 14 14 14 14 20 10 10 10 10 10 10 10 10 10 10 10 14 10 10 14 14 14
 14 14 20 20 20 20 20 20 20 20 20 20 20 20 20 20 20 20 20 20 20 20 20 20
 20 10 10 10 10 10 20 20 20 20 16 16 16 16 12 12 12 16 16 16 16 16 16 16
  9 12 12 12 12 12 12 16 16 16 16 12 12 12 12 12 12 12 16 16 16 12 12 12
 12 12  9  9  9  9  9  9  9  9  9  9  9  9  9  9  9  9  9  9  9  9  9  9
  9  9  9  9  9  9 16 16 12 12 12 12 16 16 16 12 12 12 16 16 16 16 16 12
 12 12 16 16 12 16 15 15 15 15 15 15 15 15 15 15 15 15 15 15 15 15 15 15
 15 15 15 15 15 15 15 15 15 15 15 15 15 15  0  0  0  3  3  3  1  1  1  1
  1  3  3  3  3  0  0  0  0  0  0  3  3  3  3  3  3  3  3  3  3  3  3  3
  1  1  1  1  1  1  1  1  1  1  1  1  3  3  3  0  0  0  0  0  3  3  3  1
  1  1  1  1  1  0  0  0  0  0  0  0  0  0 18 18 18 18  1  1 18 18 18  0
 18 18 18 18 18 18 18 18 18 18  1 18 18 18 18 18 18  1  1  1 18 18 18 18
 18  0 18 18 18 18 18 18 18 18 18 18]
[0 0 0 0 0 0 0 0 0 0 0 0 0 0 0 0 0 0 0 0 0 0 0 0 0 0 0 0 0 0 0 0 0 0 0 0 0
 0 0 0 0 0 0 0 0 0 0 0 0 0 0 0 0 0 0 0 0 0 0 0 0 0 0 0 0 0 0 0 0 0 0 0 0 0
 0 0 0 0 0 0 0 0 0 0 0 0 0 0 0 0 0 0 0 0 0 0 0 0 0 0 0 0 0 0 0 0 0 0 0 0 0
 0 0 0 0 0 0 0 0 0 0 0 0 0 0 0 0 0 0 0 0 0 0 0 0 0 0 0 0 0 0 0 0 0 0 0 0 0
 0 0 0 0 0 0 0 0 0 0 0 0 0 0 0 0 0 0 0 0 0 0 0 0 0 0 0 0 0 0 0 0 0 0 0 0 0
 0 0 0 0 0 0 0 0 0 0 0 0 0 0 0 0 0 0 0 0 0 0 0 0 0 0 0 0 0 0 0 0 0 0 0 0 0
 0 0 0 0 0 0 0 0 0 0 1 1 1 1 1 1 1 1 1 1 1 1 1 1 1 1 1 1 1 1 1 1 1 1 1 1 1
 1 1 1 1 1 1 1 1 1 1 1 1 1 1 1 1 1 1 1 1 1 1 1 1 1 1 1 1 1 1 1 1 1 1 1 1 1
 1 1 1 1 1 1 1 1 1 1 1 1 1 1 1 1 1 1 1 1 1 1 1 1 1 1 1 1 1 1 1 1 1 1 1 1 1
 1 1 1 1 1 1 1 1 1 1 1 1 1 1 1 1 1 1 1 1 1 1 1 1 1 1 1 1 1 1 1 1 1 1 1 1 1
 1 1 1 1 1 1 1 1 1 1 1 1 1 1 1 1 1 1 1 1 1 1 1 1 1 1 1 1 1 1 1 1 1 1 1 1 1
 1 1 1 1 1 1 1 1 1 1 1 1 1 1 1 1 1 1 1 1 1 1 1 1 1 1 1 1 1 1 1 1 1 1 1 1 1
 1 1 1 1 1 1 1 1 1 1 1 1 1 1 1 1 1 1 1 1 1 1 1 1 1 1 1 1 1 1 1 1 1 1 1 1 1
 1 1 1 1 1 1 1 1 1 1 1 1 1 1 1 1 1 1 1 1 1 1 1 1 1 1 1 1 1 1 1 1 1 1 1 1 1
 1 1 1 1 1 1 1 1 1 1 1 1 1 1 1 1 1 1 1 1 1 1 1 1 1 1 1 1 1 1 1 1 1 1 1 1 1
 1 1 1 1 1 1 1 1 1 1 1 1 1 1 1 1 1 1 1 1 1 1 1 1 1 1 1 1 1 1 1 1 1]
[ 6  6  6  6  6 11 11 11  9  9  9 15 15 15 17 17 17 17  6  6  6  6  6  6
  6 11 11 11 11  9  9  9  9  9 15 15 15 15 15 17 17 17 17  6  6  6  6  6
  6  6  6 11 11 11 11 11 11 11  9  9  9  9 15 15  9  9  9 15 15 15 15 15
 17 17 17 17 17  9  9 11 11 11 11 11 15 15 15 11 11  6  6  6  6  6  6  6
  6  6 15 15 15 15  9 15 17 17 17 17  3  3  3  3  3  3  3  3  3  3  3  3
  3  3  3  3  3  3  3  3  3  3  3  3 13 13 13 13 13 13 13 13 13 13 13 13
 13 13 13 13 13 13 13 13 13 13 13 13 13 13 13  5  5  5  5  5  1  1  1  1
  1  5  5  5  5  1  1  1  1  5  5  1  1  1  5  5  5  1  5  5  5  5  5  5
  1  5  5  5  5  5  5  5  1  1  1  1  1  1  1  1  1  1  1  1  1  5  5  5
  1  1  1  1  1  1  5  5  1  1  1  1  1  5  5  1 16 16 16  4  4  4 16 16
 16  4  4  4  4  4  4  4 16 16 16 16  4  4  4  4  4  4 16 16 16 16 16 16
 18 18 18 18 18 18 18 18  8  8  8  8  8  8  8  8 16 18 18 18 18 18 18 18
 18 18 18 18 18 18  7  8  8  8  8  8  8  8  8  8  8  8 18  8  8 18 18 18
 18 18  7  7  7  7  7  7  7  7  7  7  7  7  7  7  7  7  7  7  7  7  7  7
  7  8  8  8  8  8  7  7  7  7  0  0  0  0 14 14 14  0  0  0  0  0 14  0
 14 14 14 14 14 14 14  0  0  0  0 14 14 14 14 14 14 14  0  0  0  0 14 14
 14 14 14 14 14 14 14 14 14 14 14 14 14 14 14 14 14 14 14 14 14 14 14 14
 14 14 14 14 14 14  0  0  0  0  0  0  0  0  0  0  0  0  0  0  0  0  0  0
  0  0  0  0  0  0 12 12 12 12 12 12 12 12 12 12 12 12 12 12 12 12 12 12
 12 12 12 12 12 12 12 12 12 12 12 12 12 12  0  2  2 12 12 10 10 10 10 10
 10 12 12 12  2  2  2  0  2  2  2  2  2  2  2 12 12  2  2  2 12 10 10  2
 10 10 10 10 10 10 10 10 10 10 10 10 10 10 12  2  2  2  2  2  2 12 10 10
 10 10 10 10 10  0  2  0  2  2  2  2  2  2  2  2  2 10 10 10 10  2  2  2
  2  2  2  2  2  2  2  2 10 10 10 10  2  2  2  2 10 10 10 10 10 10  2  2
  2  2  2  2  2  2  2  2  2  2  2  2]
[ 2  2  2  2 18 18 18 18 10 10 10 19 19 19  9  9  9  9  2  2  2  2  2  2
 18 18 18 18 10 10 10 10 10 10 19 19 19 19 19  9  9  9  9  2  2  2  2  2
  2  2 18 18 18 18 18 18 18 10 10 10 10 10 19 19 10 10 19 19 19 19 19 19
  9  9  9  9  9 10 10 10 10 18 18 18 19 19 19 18 18 18  2  2  2  2  2  2
  2  2 19 19 19 19 10 19  9  9  9  9 15 15 15 15 15 15 15 15 15 15 15 15
 15 15 15 15 15 15 15 15 15 15 15 15  4  4  4  4  4  4  4  4  4  4  4  4
  4  4  4  4  4  4  4  4  4  4  4  4  4  4  4 20 20 16 20 20  1  1  1  1
 16 16 16 20 20  1  1  1 16 20 20  1  1  1 20 16 16 16 20 20 20 20 20 20
 20 20 20 20 20 20 20 16 16 16 16  1  1  1  1  1  1  1  1 16 16 20 16 16
 16 16 16  1  1  1 20 20 16 16  1  1  1 20 20 20 17 17 17 17 17 17 17 17
 17 17 17 17 17 17 17 17 17 17 17 17 17 17 17 17 17 17 17 17 17 17 17 17
 13 13 13 13 13 13 13 13 12 12 12 12 12 12 12 12 13 13 13 13 13 13 13 13
 13 13 13 13 13 13 12 12 12 12 12 12 12 12 12 12 12 12 13 12 12 13 13 13
 13 13 13 13 13 12 12 12 12 13 13 13 13 12 12 12 12 13 13 13 13 13 12 12
 12 12 12 12 12 12 12 13 12 13 11 11 11 11 14 14 14 11 11 11 11 11 11 11
 14 14 14 14 14 14 14 11 11 11 11 14 14 14 14 14 14 14 11 11 11 14 14 14
 14 14  7  7  7  7  7  7  7  7  7  7  7  7  7  7  7  7  7  7  7  7  7  7
  7  7  7  7  7  7 11 11 14 14 14 14 11 11 11 14 14 14 11 11 11 11 11 14
 14 14 11 11 14 11  8  8  8  8  8  8  8  8  8  8  8  8  8  8  8  8  8  8
  8  8  8  6  8  8  8  8  8  8  8  8  8  8  3  3  8  8  8  5  6  6  6  6
  6  5  8  8  8  3  3  3  3  3  3  0  0  0  0  8  8  0  0  5  5  5  5  5
  5  6  6  6  6  6  6  6  6  6  6  6  5  5  8  3  3  3  3  3  0  5  5  6
  6  6  6  6  6  3  3  3  3  3  3  3  3  0  0  0  5  5  5  5  5  0  0  0
  0  0  0  0  0  0  0  5  5  5  5  5  5  0  0  0  5  6  5  5  5  5  5  0
  0  0  0  0  0  0  0  5  5  0  0  0]
[ 1  1  1  0  0  0  0 10 10 10 13 13 13 13  3  3  3  3  1  1  1  1  1  0
  0  0  0 10 10 10 10 10 10 13 13 13 13 13  3  3  3  3  3  1  1  1  1  1
  0  1  0  0  0  0  0 10 10 10 10 10 10 13 13 13 13 10 13 13 13 13 13 13
  3  3  3  3  3 10 10 10 10 10  0  0 13 13 13  0  0  0  0  1  1  1  1  1
  1  1 13 13  3 13 10 13  3  3  3  3  4  4  4 10 10 10  4  4  4  4  4  4
  4  4  4  4  4 10  4  4  4 10 10 10  4  4  4  4  4 11 11  4  4  4  4  4
  4  4  4  4  4  4  4  4  4  4  4  4  4  4  4 11 11 11 11 11 11 11 11 11
 11 11 11 11 11 11 11 11 11 11 11 11 11 11 11 11 11 11 11 11 11 11 11 11
 11 11 11 11 11 11 11 11 11 11 11 11 11 11 11 11 11 11 11 11 11 11 11 11
 11 11 11 11 11 11 11 11 11 11 11 11 11 11 11 11  5  8  8  8  8  8  8  8
  8  8  8  8  8  8  8  8  8  5  8  8  8  8  8  8  8  8  5  5  5  5  5  5
  5  5  5  5  5  5  5  5  8  8  8  8  8  8  8  8  5  5  5  5  5  5  5  5
  5  5  5  5  5  5 14 14  8  8  8  8  8  8  8  8  8  8  5  8  8  5  5  5
  5  5 14 14 14 14 14 14 14 14 14 14 14 14 14 14 14 14 14 14 14 14 14 14
 14 14 14 14 14 14 14 14 14 14  6  6  6  6  7  7  7  6  6  6  6  6  7  6
  7  7  7  7  7  7  7  6  6  6  6  7  7  7  7  7  7  7  6  6  6  6  7  7
  7  7  7  7  7  7  7  7  7  7  7  7  7  7  7  7  7  7  7  7  7  7  7  7
  7  7  7  7  7  7  6  6  6  7  6  6  6  6  6  6  6  6  6  6  6  6  6  6
  6  6  6  6  6  6 12  2 12 12  2  2  2  2  2  2  2  2  2  2  2  2  2  2
  2  2  2  2  2  2  2  2  2  2  2  2  2  2 12 12 12  2  2  2  9  9  9  9
  9  2  2  2 12 12 12 12 12 12 12 12 15 12 15  2  2 15 15 15 15  9 15 15
  9  9  9  9  9  9  9  9  9  9  9  9 15 15  2 12 12 12 12 12 12  2  2  9
  9  9  9  9  9 12 12 12 12 12 12 12 12 12 15 15 15 15  9  9 15 15 15 12
 15 15 15 15 15 15 15 15 15 15  9 15 15 15 15 15 15  9  9  9 15 15 15 15
 15 12 15 15 15 15 15 15 15 15 15 15]
[ 5  5  5  5  5  9  9  9  9  3  3  3  3  8  8  8  8  8  5  5  5  5  5  5
  5  9  9  9  9  9  3  3  3  3  3  3  3  3  8  8  8  8  8  5  5  5  5  5
  5  5  5  9  9  9  9  9  9  9  9  3  3  3  3  3  3  3  3  3  3  3  8  8
  8  8  8  8  8  3  9  9  9  9  9  9  3  3  8  9  9  5  5  5  5  5  5  5
  5  5  3  3  8  3  3  3  8  8  8  8  6  6  6  6  6  6  6  6  6  6  6  6
  6  6  6  6  6  6  6  6  6  6  6  6  6  6  6  6  6 10 10  6  6  6  6  6
  6  6  6  6  6 10 10  6  6  6  6  6  6  6  6 10 10 10 10 10 10 10 10 10
 10 10 10 10 10 10 10 10 10 10 10 10 10 10 10 10 10 10 10 10 10 10 10 10
 10 10 10 10 10 10 10 10 10 10 10 10 10 10 10 10 10 10 10 10 10 10 10 10
 10 10 10 10 10 10 10 10 10 10 10 10 10 10 10 10  7  7  7  7  7  7  7  7
  7  7  7  7  7  7  7  7  7  7  7  7  7  7  7  7  7  7  2  2  7  7  2  7
  2  2  2  2  2  2  2  7  7  7  7  7  7  7  7  7  7  2  2  2  2  2  2  2
  2  2  2  2  2  2 11 11  7  7  7  7  7  7  7  7  7  7  2  7  7  2  2  2
  2  2 11 11 11 11 11 11 11  2 11 11 11 11 11 11 11 11 11 11 11 11 11 11
 11 11 11 11 11 11 11 11 11 11 11  4  4  4  4  4  4  4  4  4  4  4  4  4
  4  4  4  4  4  4  4  4  4  4  4  4  4  4  4  4  4  4  4  4  4  4  4  4
  4  4  4  4  4  4  4  4  4  4  4  4  4  4  4  4  4  4  4  4  4  4  4  4
  4  4  4  4  4  4  4  4  4  4  4  4  4  4  4  4  4  4  4  4  4  4  4  4
  4  4  4  4  4  4  1  1  1  1  1  1  0  0  0  0  1  1  1  1  0  0  0  0
  1  1  0  0  0  0  0  1  0  0  1  1  0  0  1  1  1  1  0  0  0  0  0  0
  0  0  0  1  1  1  1  1  1  1  1  1  1  1  1  0  1  1  1  0  0  0  0  0
  0  0  0  0  0  0  0  0  0  0  0  0  0  0  1  1  1  1  1  1  1  0  0  0
  0  0  0  0  0  1  1  1  1  1  1  1  1  1  1  1  0  0  0  0  0  0  1  1
  1  1  1  1  1  0  1  0  0  0  0  0  0  1  1  1  0  0  0  0  0  0  0  0
  1  1  1  1  1  1  0  0  0  0  1  1]
[5 5 5 5 5 5 5 5 5 0 0 0 0 0 0 0 0 0 5 5 5 5 5 5 5 5 5 5 5 5 0 0 0 0 0 0 0
 0 0 0 0 0 0 5 5 5 5 5 5 5 5 5 5 5 5 5 5 5 5 0 0 0 0 0 0 0 0 0 0 0 0 0 0 0
 0 0 0 0 0 5 5 5 5 5 0 0 0 5 5 5 5 5 5 5 5 5 5 5 0 0 0 0 0 0 0 0 0 0 5 5 5
 5 5 0 0 0 0 5 5 5 5 0 0 0 5 0 0 0 0 5 0 0 4 4 4 4 4 4 4 4 4 4 4 4 4 4 4 4
 4 4 4 4 4 4 4 4 4 4 4 4 4 4 4 4 4 4 4 4 4 4 4 4 4 4 4 4 4 4 4 4 4 4 4 4 4
 4 4 4 4 4 4 4 4 4 4 4 4 4 4 4 4 4 4 4 4 4 4 4 4 4 4 4 4 4 4 4 4 4 4 4 4 4
 4 4 4 4 4 4 4 4 4 4 1 1 1 1 1 1 1 1 1 1 1 1 1 1 1 1 1 1 1 1 1 1 1 1 1 1 1
 1 1 1 1 1 1 1 1 1 1 1 1 1 1 1 1 1 1 1 1 1 1 1 1 1 1 1 1 1 1 1 1 1 1 1 1 1
 1 1 1 1 1 1 1 1 1 1 1 1 1 1 1 1 1 1 1 1 1 1 1 1 1 1 1 1 1 1 1 1 1 1 1 1 1
 1 1 1 1 1 1 1 1 1 1 1 1 1 3 3 3 3 3 3 3 3 3 3 3 3 3 3 3 3 3 3 3 3 3 3 3 3
 3 3 3 3 3 3 3 3 3 3 3 3 3 3 3 3 3 3 3 3 3 3 3 3 3 3 3 3 3 3 3 3 3 3 3 3 3
 3 3 3 3 3 3 3 3 3 3 3 3 3 3 3 3 3 3 3 3 3 3 3 3 3 3 3 3 3 3 3 2 2 2 2 2 2
 2 2 2 2 2 2 2 2 2 2 2 2 2 2 2 2 2 2 2 2 2 2 2 2 2 2 3 2 2 2 2 2 2 2 2 2 2
 2 2 2 2 2 2 3 2 2 2 2 2 2 2 2 2 2 2 2 2 2 2 2 2 2 2 2 2 2 2 2 2 2 2 2 2 2
 2 2 2 2 2 2 2 2 2 2 2 2 2 2 2 3 2 3 2 2 2 2 2 2 2 2 2 2 2 2 2 2 2 2 2 2 2
 2 2 2 2 2 2 2 2 2 2 2 2 2 2 2 2 2 2 2 2 2 2 2 2 2 2 2 2 2 2 2 2 2]
[1 1 1 1 1 1 1 1 1 1 1 1 1 1 1 1 1 1 1 1 1 1 1 1 1 1 1 1 1 1 1 1 1 1 1 1 1
 1 1 1 1 1 1 1 1 1 1 1 1 1 1 1 1 1 1 1 1 1 1 1 1 1 1 1 1 1 1 1 1 1 1 1 1 1
 1 1 1 1 1 1 1 1 1 1 1 1 1 1 1 1 1 1 1 1 1 1 1 1 1 1 1 1 1 1 1 1 1 1 1 1 1
 1 1 1 1 1 1 1 1 1 1 1 1 1 1 1 1 1 1 1 1 1 1 1 1 1 1 1 1 1 1 1 1 1 1 1 1 1
 1 1 1 1 1 1 1 1 1 1 1 1 1 1 1 1 1 1 1 1 1 1 1 1 1 1 1 1 1 1 1 1 1 1 1 1 1
 1 1 1 1 1 1 1 1 1 1 1 1 1 1 1 1 1 1 1 1 1 1 1 1 1 1 1 1 1 1 1 1 1 1 1 1 1
 1 1 1 1 1 1 1 1 1 1 0 0 0 0 0 0 0 0 0 0 0 0 0 0 0 0 0 0 0 0 0 0 0 0 0 0 0
 0 0 0 0 0 0 0 0 0 0 0 0 0 0 0 0 0 0 0 0 0 0 0 0 0 0 0 0 0 0 0 0 0 0 0 0 0
 0 0 0 0 0 0 0 0 0 0 0 0 0 0 0 0 0 0 0 0 0 0 0 0 0 0 0 0 0 0 0 0 0 0 0 0 0
 0 0 0 0 0 0 0 0 0 0 0 0 0 0 0 0 0 0 0 0 0 0 0 0 0 0 0 0 0 0 0 0 0 0 0 0 0
 0 0 0 0 0 0 0 0 0 0 0 0 0 0 0 0 0 0 0 0 0 0 0 0 0 0 0 0 0 0 0 0 0 0 0 0 0
 0 0 0 0 0 0 0 0 0 0 0 0 0 0 0 0 0 0 0 0 0 0 0 0 0 0 0 0 0 0 0 0 0 0 0 0 0
 0 0 0 0 0 0 0 0 0 0 0 0 0 0 0 0 0 0 0 0 0 0 0 0 0 0 0 0 0 0 0 0 0 0 0 0 0
 0 0 0 0 0 0 0 0 0 0 0 0 0 0 0 0 0 0 0 0 0 0 0 0 0 0 0 0 0 0 0 0 0 0 0 0 0
 0 0 0 0 0 0 0 0 0 0 0 0 0 0 0 0 0 0 0 0 0 0 0 0 0 0 0 0 0 0 0 0 0 0 0 0 0
 0 0 0 0 0 0 0 0 0 0 0 0 0 0 0 0 0 0 0 0 0 0 0 0 0 0 0 0 0 0 0 0 0]
[0 0 0 0 0 0 0 0 0 0 0 0 0 0 0 0 0 0 0 0 0 0 0 0 0 0 0 0 0 0 0 0 0 0 0 0 0
 0 0 0 0 0 0 0 0 0 0 0 0 0 0 0 0 0 0 0 0 0 0 0 0 0 0 0 0 0 0 0 0 0 0 0 0 0
 0 0 0 0 0 0 0 0 0 0 0 0 0 0 0 0 0 0 0 0 0 0 0 0 0 0 0 0 0 0 0 0 0 0 0 0 0
 0 0 0 0 0 0 0 0 0 0 0 0 0 0 0 0 0 0 0 0 0 0 0 0 0 0 0 0 0 0 0 0 0 0 0 0 0
 0 0 0 0 0 0 0 0 0 0 0 0 0 0 0 0 0 0 0 0 0 0 0 0 0 0 0 0 0 0 0 0 0 0 0 0 0
 0 0 0 0 0 0 0 0 0 0 0 0 0 0 0 0 0 0 0 0 0 0 0 0 0 0 0 0 0 0 0 0 0 0 0 0 0
 0 0 0 0 0 0 0 0 0 0 1 1 1 1 1 1 1 1 1 1 1 1 1 1 1 1 1 1 1 1 1 1 1 1 1 1 1
 1 1 1 1 1 1 1 1 1 1 1 1 1 1 1 1 1 1 1 1 1 1 1 1 1 1 1 1 1 1 1 1 1 1 1 1 1
 1 1 1 1 1 1 1 1 1 1 1 1 1 1 1 1 1 1 1 1 1 1 1 1 1 1 1 1 1 1 1 1 1 1 1 1 1
 1 1 1 1 1 1 1 1 1 1 1 1 1 1 1 1 1 1 1 1 1 1 1 1 1 1 1 1 1 1 1 1 1 1 1 1 1
 1 1 1 1 1 1 1 1 1 1 1 1 1 1 1 1 1 1 1 1 1 1 1 1 1 1 1 1 1 1 1 1 1 1 1 1 1
 1 1 1 1 1 1 1 1 1 1 1 1 1 1 1 1 1 1 1 1 1 1 1 1 1 1 1 1 1 1 1 1 1 1 1 1 1
 1 1 1 1 1 1 1 1 1 1 1 1 1 1 1 1 1 1 1 1 1 1 1 1 1 1 1 1 1 1 1 1 1 1 1 1 1
 1 1 1 1 1 1 1 1 1 1 1 1 1 1 1 1 1 1 1 1 1 1 1 1 1 1 1 1 1 1 1 1 1 1 1 1 1
 1 1 1 1 1 1 1 1 1 1 1 1 1 1 1 1 1 1 1 1 1 1 1 1 1 1 1 1 1 1 1 1 1 1 1 1 1
 1 1 1 1 1 1 1 1 1 1 1 1 1 1 1 1 1 1 1 1 1 1 1 1 1 1 1 1 1 1 1 1 1]
[10 10 10 10 19 19 19 14 14 14 18 18 11 11 11 13 13 13 10 10 10 10 10 19
 19 19 19 14 14 14 14 14 18 18 18 11 18 11 11 11 13 13 13 10 10 10 10 10
 10 10 19 19 19 19 19 14 14 14 14 14 18 18 18 18 18 14 18 18 18 11 11 11
 11 13 13 13 13 14 14 14 14 14 19 19 18 11 11 19 19 19 10 10 10 10 10 10
 10 10 18 18 11 11 18 18 11 13 13 13 16 16 16 16  4  4  4  4 16 16 16 16
 16  4 16  4 16  4  4  4  4 16  4  4 20 20 20 20 20 20 20 20 20 20 20 20
 20 20 20 20 20 20 20 20 20 20 20 20 20 20 20  8  8  8  8  8  8  8  8  8
  8  8  8  8  8  8  8  8  8  8  8  8  8  8  8  8  8  8  8  8  8  8  8  8
  8  8  8  8  8  8  8  8  8  8  8  8  8  8  8  8  8  8  8  8  8  8  8  8
  8  8  8  8  8  8  8  8  8  8  8  8  8  8  8  8 15 15 15 15 15 15 15 15
 15 15 15 15 15 15 15 15 15 15 15 15 15 15 15 15 15 15 15 15 15 15  5 15
  5  5  5  5  5  5  5  5 15  9  9  9  9  9  9 15  5  5  5  5  5  5  5  5
  5  5  5  5  5  5  6  9  9  9  9  9  9  9  9  9  9  9  5  9  9  5  5  5
  5  5  6  6  6  6  6  6  6  6  6  6  6  6  6  6  6  6  6  6  6  6  6  6
  6  9  9  9  9  9  6  6  6  6  2  2  2  2  7  7  7  2  2  2  2  2  2  2
  1  7  7  7  7  7  7  2  2  2  2  7  7  7  7  7  7  7  2  2  2  7  7  7
  7  7  1  1  1  1  1  1  1  1  1  1  1  1  1  1  1  1  1  1  1  1  1  1
  1  1  1  1  1  1  2  2  7  7  7  7  2  2  2  7  7  7  2  2  2  2  2  7
  7  7  2  2  7  2 12 12 12 12 12 12 12 12 12 12 12 12 12 12 12 12 12 12
 12 12 12  0 12 12 12 12 12 12 12 12 12 12  3  3  3 12 12  0  0  0  0  0
  0 12 12 12  3  3  3  3  3  3  3  3 17 12 17 17 12 17 17 17 17  0 17 17
  0  0  0  0  0  0  0  0  0  0  0  0 17 17 12  3  3  3  3  3  3 17  0  0
  0  0  0  0  0  3  3  3  3  3  3  3  3  3 17 17 17 17  0  0 17 17 17  3
 17 17 17 17 17 17 17 17 17 17  0 17 17 17 17 17 17  0  0  0 17 17 17 17
 17  3 17 17 17 17 17 17 17 17 17 17]
[1 1 1 1 1 1 1 1 1 1 1 1 1 1 1 1 1 1 1 1 1 1 1 1 1 1 1 1 1 1 1 1 1 1 1 1 1
 1 1 1 1 1 1 1 1 1 1 1 1 1 1 1 1 1 1 1 1 1 1 1 1 1 1 1 1 1 1 1 1 1 1 1 1 1
 1 1 1 1 1 1 1 1 1 1 1 1 1 1 1 1 1 1 1 1 1 1 1 1 1 1 1 1 1 1 1 1 1 1 1 1 1
 1 1 1 1 1 1 1 1 1 1 1 1 1 1 1 1 1 1 1 1 1 1 1 1 1 1 1 1 1 1 1 1 1 1 1 1 1
 1 1 1 1 1 1 1 1 1 1 1 1 1 1 1 1 1 1 1 1 1 1 1 1 1 1 1 1 1 1 1 1 1 1 1 1 1
 1 1 1 1 1 1 1 1 1 1 1 1 1 1 1 1 1 1 1 1 1 1 1 1 1 1 1 1 1 1 1 1 1 1 1 1 1
 1 1 1 1 1 1 1 1 1 1 2 2 2 2 2 2 2 2 2 2 2 2 2 2 2 2 2 2 2 2 2 2 2 2 2 2 2
 2 2 2 2 2 2 2 2 2 2 2 2 2 2 2 2 2 2 2 2 2 2 2 2 2 2 2 2 2 2 2 2 2 2 2 2 2
 2 2 2 2 2 2 2 2 2 2 2 2 2 2 2 2 2 2 2 2 2 2 2 2 2 2 2 2 2 2 2 2 2 2 2 2 2
 2 2 2 2 2 2 2 2 2 2 2 2 2 3 3 3 3 3 3 3 3 3 3 3 3 3 3 3 3 3 3 3 3 3 3 3 3
 3 3 3 3 3 3 3 3 3 3 3 3 3 3 3 3 3 3 3 3 3 3 3 3 3 3 3 3 3 3 3 3 3 3 3 3 3
 3 3 3 3 3 3 3 3 3 3 3 3 3 3 3 3 3 3 3 3 3 3 3 3 3 3 3 3 3 3 3 0 0 0 0 0 0
 0 0 0 0 0 0 0 0 0 0 0 0 0 0 0 0 0 0 0 0 0 0 0 0 0 0 3 0 0 0 0 0 0 0 0 0 0
 0 0 0 0 0 0 3 0 0 0 0 0 0 0 0 0 0 0 0 0 0 0 0 0 0 0 0 0 0 0 0 0 0 0 0 0 0
 0 0 0 0 0 0 0 0 0 0 0 0 0 0 0 3 0 3 0 0 0 0 0 0 0 0 0 0 0 0 0 0 0 0 0 0 0
 0 0 0 0 0 0 0 0 0 0 0 0 0 0 0 0 0 0 0 0 0 0 0 0 0 0 0 0 0 0 0 0 0]
[ 2  2  2  2  2  5  5  5  5  8  8  8  8 10 10 10 10 10  2  2  2  2  2  2
  2  5  5  5  5  5  8  8  8  8  8  8  8  8 10 10 10 10 10  2  2  2  2  2
  2  2  2  5  5  5  5  5  5  5  5  8  8  8  8  8  8  8  8  8  8  8  8 10
 10 10 10 10 10  8  5  5  5  5  5  5  8  8 10  5  5  2  2  2  2  2  2  2
  2  2  8  8 10  8  8  8 10 10 10 10  4  4  4  4  4  4  4  4  4  4  4  4
  4  4  4  4  4  4  4  4  4  4  4  4  4  4  4  4  4  7  7  4  4  4  4  4
  4  4  4  4  4  7  7  4  4  4  4  4  4  4  4  7  7  7  7  7  7  7  7  7
  7  7  7  7  7  7  7  7  7  7  7  7  7  7  7  7  7  7  7  7  7  7  7  7
  7  7  7  7  7  7  7  7  7  7  7  7  7  7  7  7  7  7  7  7  7  7  7  7
  7  7  7  7  7  7  7  7  7  7  7  7  7  7  7  7  0  0  0  0  0  0  0  0
  0  0  0  0  0  0  0  0  0  0  0  0  0  0  0  0  0  0  0  0  0  0 11  0
 11 11 11 11 11 11 11 11  0  0  0  0  0  0  0  0  0 11 11 11 11 11 11 11
 11 11 11 11 11 11 11  0  0  0  0  0  0  0  0  0  0  0 11  0  0 11 11 11
 11 11 11 11 11 11 11  0 11 11 11 11 11 11 11 11 11 11 11 11 11 11  0  0
  0  0  0  0  0  0 11 11 11 11  6  6  6  6  9  9  9  6  6  6  6  6  6  6
  6  9  6  9  9  9  9  6  6  6  6  9  9  9  9  9  9  6  6  9  9  9  9  9
  9  9  6  6  6  6  6  6  6  6  6  6  6  6  6  6  6  6  6  6  6  6  6  6
  6  6  6  6  6  6  9  9  9  9  9  9  9  9  9  9  9  9  9  9  9  9  9  9
  9  9  9  9  9  9  1  1  1  1  1  1  3  3  3  1  1  1  1  1  3  3  3  1
  1  1  3  3  3  3  1  1  3  3  1  1  3  3  1  1  1  1  3  3  3  3  3  3
  3  3  3  1  1  1  1  1  1  1  1  1 12  1 12 12  1 12 12 12 12  3  3 12
  3  3  3  3  3  3  3  3  3  3  3  3  3  3  1  1  1  1  1  1  1  3  3  3
  3  3  3  3  3  1  1  1  1  1  1  1  1 12 12 12 12 12  3  3 12 12 12 12
 12 12 12 12 12 12 12 12 12 12  3 12 12 12 12 12 12  3  3 12 12 12 12 12
 12 12 12 12 12 12 12 12 12 12 12 12]
[1 1 1 1 1 1 1 1 1 1 1 1 1 1 1 1 1 1 1 1 1 1 1 1 1 1 1 1 1 1 1 1 1 1 1 1 1
 1 1 1 1 1 1 1 1 1 1 1 1 1 1 1 1 1 1 1 1 1 1 1 1 1 1 1 1 1 1 1 1 1 1 1 1 1
 1 1 1 1 1 1 1 1 1 1 1 1 1 1 1 1 1 1 1 1 1 1 1 1 1 1 1 1 1 1 1 1 1 1 1 1 1
 1 1 1 1 1 1 1 1 1 1 1 1 1 1 1 1 1 1 1 1 1 1 1 1 1 4 4 4 4 4 4 4 4 4 4 4 4
 4 4 4 4 4 4 4 4 4 1 1 4 4 4 4 4 4 4 4 4 4 4 4 4 4 4 4 4 4 4 4 4 4 4 4 4 4
 4 4 4 4 4 4 4 4 4 4 4 4 4 4 4 4 4 4 4 4 4 4 4 4 4 4 4 4 4 4 4 4 4 4 4 4 4
 4 4 4 4 4 4 4 4 4 4 0 0 0 0 0 0 0 0 0 0 0 0 0 0 0 0 0 0 0 0 0 0 0 0 0 0 0
 0 0 0 0 0 0 0 0 0 0 0 0 0 0 0 0 0 0 0 0 0 0 0 0 0 0 0 0 0 0 0 0 0 0 0 0 0
 0 0 0 0 0 0 0 0 0 0 0 0 0 0 0 0 0 0 0 0 0 0 0 0 0 0 0 0 0 0 0 0 0 0 0 0 0
 0 0 0 0 0 0 0 0 0 0 0 0 0 2 2 2 2 2 2 2 2 2 2 2 2 2 2 2 2 2 2 2 2 2 2 2 2
 2 2 2 2 2 2 2 2 2 2 2 2 2 2 2 2 2 2 2 2 2 2 2 2 2 2 2 2 2 2 2 2 2 2 2 2 2
 2 2 2 2 2 2 2 2 2 2 2 2 2 2 2 2 2 2 2 2 2 2 2 2 2 2 2 2 2 2 2 3 3 3 3 3 3
 3 3 3 3 3 3 3 3 3 3 3 3 3 3 3 3 3 3 3 3 3 3 3 3 3 3 2 3 3 3 3 3 3 3 3 3 3
 3 3 3 3 3 3 2 3 3 3 3 3 3 3 3 3 3 3 3 3 3 3 3 3 3 3 3 3 3 3 3 3 3 3 3 3 3
 3 3 3 3 3 3 3 3 3 3 3 3 3 3 3 2 3 2 3 3 3 3 3 3 3 3 3 3 3 3 3 3 3 3 3 3 3
 3 3 3 3 3 3 3 3 3 3 3 3 3 3 3 3 3 3 3 3 3 3 3 3 3 3 3 3 3 3 3 3 3]
[22 22 22 22 22 21 21 21 21  1  1  1  3  3  3  2  2  2 22 22 22 22 22 22
 22 21 21 21 21  1  1  1  1  1  1  3  1  3  3  3  2  2  2 22 22 22 22 22
 22 22 22 21 21 21 21 21 21 21  1  1  1  1  1  1  1  1  1  1  3  3  3  3
  3  2  2  2  2  1  1 21 21 21 21 21  3  3  3 21 21 22 22 22 22 22 22 22
 22 22  3  3  3  3  1  1  3  2  2  2 11 11 11 11 11 11 11 11 11 11 11 11
 11 11 11 11 11 11 11 11 11 11 11 11 14 14 14 15 15 15 15 14 14 14 14 14
 15 14 15 15 15 15 15 15 14 14 14 15 15 14 14  8  8  8  8  8  8  7  7  7
  7  7  8  8  8  7  7  7  8  8  8  8  7  7  8  8  7  7  8  8  8  8  8  8
  8  8  8  8  8  8  8  8  7  7  7  7  7  7  7  7  7  7  7  7  7  8  8  8
  7  7  7  7  7  7  8  8  7  7  7  7  8  8  8  8 19 19 19 19 19 17 19 19
 19 19 19 19 19 19 19 19 19 19 19 19 19 19 19 17 17 19 19 19 19 19 19 19
  0  0  0  0  0  0 12 12 12 12 17 17 17 17 17 12 12  0  0  0  0  0  0  0
  0  0  0  0 12 12 12 12 12 17 17 17 17 17 17 17 17 17 12 12 12  0  0  0
  0 13 13 13 13  6  6  6  6 13 13 13 13 13  6  6  6 13 13 13 13 13  6  6
  6  6  6  6  6  6 13 13 13 13 16 16 16 16  4  4  4 16 16 16 16 16 16 16
  4  4  4  4  4  4  4 16 16 16 16  4  4  4  4  4  4  4 16 16 16  4  4  4
  4  4 10 10 10 10 10 10 10 10 10 10 10 10 10 10 10 10 10 10 10 10 10 10
 10 10 10 10 10 10 16 16  4  4  4  4 16 16 16  4  4  4 16 16 16 16 16  4
  4  4 16 16  4 16 20 20 20 20  5  5  5  5  5  5  5  5 20  5  5  5  5  5
  5  5  5  5  5  5  5  5  5  5  5  5  5  5 20 20 20  5  5  5 18 18 18 18
 18  5  5  5 20 20 20 20 20 20 20 20  9  5  5  5  5  5  9  9  5  5  5  9
 18 18 18 18 18 18 18 18 18 18 18 18  9  5  5 20 20 20 20 20 20  5  5 18
 18 18 18 18 18 20 20 20 20 20 20 20 20 20  9  9  9  9 18 18  9  9  9 20
  9  9  9  9  9  9  9  9  9  9 18  9  9  9  9  9  9 18 18 18  9  9  9  9
  9 20  9  9  9  9  9  9  9  9  9  9]
[3 3 3 3 3 3 3 3 3 1 1 1 1 1 1 1 1 1 3 3 3 3 3 3 3 3 3 3 3 3 1 1 1 1 1 1 1
 1 1 1 1 1 1 3 3 3 3 3 3 3 3 3 3 3 3 3 3 3 3 1 1 1 1 1 1 1 1 1 1 1 1 1 1 1
 1 1 1 1 3 3 3 3 3 3 1 1 1 3 3 3 3 3 3 3 3 3 3 3 1 1 1 1 1 1 1 1 1 1 6 6 6
 6 6 6 6 6 6 6 6 6 6 6 6 6 6 6 6 6 6 6 6 6 6 6 6 6 6 4 4 6 6 6 6 6 6 6 6 6
 6 4 4 6 6 6 6 6 6 6 6 4 4 4 4 4 4 4 4 4 4 4 4 4 4 4 4 4 4 4 4 4 4 4 4 4 4
 4 4 4 4 4 4 4 4 4 4 4 4 4 4 4 4 4 4 4 4 4 4 4 4 4 4 4 4 4 4 4 4 4 4 4 4 4
 4 4 4 4 4 4 4 4 4 4 0 0 0 0 0 0 0 0 0 0 0 0 0 0 0 0 0 0 0 0 0 0 0 0 0 0 0
 0 0 0 0 0 5 5 5 5 5 5 5 5 0 0 0 0 0 0 0 0 0 5 5 5 5 5 5 5 5 5 5 5 5 5 5 0
 0 0 0 0 0 0 0 0 0 0 5 0 0 5 5 5 5 5 5 5 5 5 5 5 5 5 5 5 5 5 5 5 5 5 5 5 5
 5 5 5 5 5 5 0 0 0 5 5 5 5 8 8 8 8 8 8 8 8 8 8 8 8 8 8 8 8 8 8 8 8 8 8 8 8
 8 8 8 8 8 8 8 8 8 8 8 8 8 8 8 8 8 8 8 8 8 8 8 8 8 8 8 8 8 8 8 8 8 8 8 8 8
 8 8 8 8 8 8 8 8 8 8 8 8 8 8 8 8 8 8 8 8 8 8 8 8 8 8 8 8 8 8 8 2 2 2 2 2 2
 7 7 7 7 2 2 2 2 7 7 7 7 2 2 7 7 7 7 7 2 7 7 2 2 7 7 2 2 2 2 7 7 7 7 7 7 7
 7 7 2 2 2 2 2 2 2 2 2 2 2 2 7 2 2 2 7 7 7 7 7 7 7 7 7 7 7 7 7 7 7 7 7 7 7
 2 2 2 2 2 2 2 7 7 7 7 7 7 7 7 2 2 2 2 2 2 2 2 2 2 2 7 7 7 7 7 7 2 2 2 2 2
 2 2 7 2 7 7 7 7 7 7 2 2 2 7 7 7 7 7 7 7 7 2 2 2 2 2 2 7 7 7 7 2 2]
[15 15 15 15 15 15 17 17 17 17  4  4  4  4  8  8  8  8 15 15 15 15 15 15
 15 15 17 17 17 17 17 17  4  4  4  4  4  4  8  8  8  8  8 15 15 15 15 15
 15 15 15 15 15 17 17 17 17 17 17 17  4  4  4  4  4 17  4  4  4  4  4  8
  8  8  8  8  8 17 17 17 17 17 17 17  4  4  8 15 15 15 15 15 15 15 15 15
 15 15  4  4  8  4  4  4  8  8  8  8  7  7  7  7  7  7  7  7  7  7  7  7
  7  7  7  7  7  7  7  7  7  7  7  7 16 16 16 16 16 16 16 16 16 16 16 16
 16 16 16 16 16 16 16 16 16 16 16 16 16 16 16 12 12 12 12 12 20 20 20  3
  3  3  3 12 12 20 20  3  3 12 12 20 20 20 12  3  3  3 12 12 12 12 20 12
 20 12 12 12 12 12 12  3  3  3  3 20 20 20 20 20  3 20  3  3  3 12 12  3
  3  3  3  3 20 20 12 12  3  3 20 20 20 12 12 20 11 11 11 18 18 18 11 11
 11 18 18 18 18 18 18 18 11 11 11 11 18 18 18 18 18 18 11 11 11 11 11 11
 22 22 22 22 22 22 19 19 19 19  1  1  1  1  1 19 19 22 22 22 22 22 22 22
 22 22 22 22 19 19 19 19 19  1  1  1  1  1  1  1 19  1 19 19 19 22 22 22
 22 22  2  2  2  2  2  2  2  2  2  2  2  2  2  2  2  2  2  2  2  2  2  2
  2  1  1  1  1  1  2  2  2  2 10 10 10 10  6  6  6 10 10 10 10 10 10 10
 13  6  6  6  6  6  6 10 10 10 10  6  6  6  6  6  6  6 10 10 10  6  6  6
  6  6 13 13 13 13 13 13 13 13 13 13 13 13 13 13 13 13 13 13 13 13 13 13
 13 13 13 13 13 13 10 10  6  6  6  6 10 10 10  6  6  6 10 10 10 10 10  6
  6  6 10 10  6 10 21 21 21 21 21 21  5  5  5  5 21 21 21 21  5  5  5  5
 21 21  5  5  5  5  5 21  5  5 21 21  5  5 14 14 21 21  5  5  9  9  9  9
  5  5  5 21 21 14 14 14 14 14 14 21 21 21 21  5 21 21  0  0  5  5  5  0
  9  9  9  9  9  9  9  9  9  9  9  9  5  5 21 14 14 14 14 14 21  5  5  5
  5  9  9  9  9 14 14 14 14 14 14 14 14 14  0  0  0  0  9  9  0  0  0 14
  0  0  0  0  0  0  0  0  0  0  9  0  0  0  0  0  0  9  9  9  0  0  0  0
  0 14  0  0  0  0  0  0  0  0  0  0]
[0 0 0 0 0 0 0 3 3 3 3 3 4 4 4 4 4 4 0 0 0 0 0 0 0 0 0 3 3 3 3 3 3 3 4 4 4
 4 4 4 4 4 4 0 0 0 0 0 0 0 0 0 0 0 3 3 3 3 3 3 3 3 3 3 3 3 3 3 4 4 4 4 4 4
 4 4 4 3 3 3 3 3 0 0 4 4 4 0 0 0 0 0 0 0 0 0 0 0 4 4 4 4 3 3 4 4 4 4 7 7 7
 7 7 7 7 7 7 7 7 7 7 7 7 7 7 7 7 7 7 7 7 7 7 7 7 7 7 1 1 7 7 7 7 7 7 7 7 7
 7 1 1 7 7 7 7 7 7 7 7 1 1 1 1 1 1 1 1 1 1 1 1 1 1 1 1 1 1 1 1 1 1 1 1 1 1
 1 1 1 1 1 1 1 1 1 1 1 1 1 1 1 1 1 1 1 1 1 1 1 1 1 1 1 1 1 1 1 1 1 1 1 1 1
 1 1 1 1 1 1 1 1 1 1 6 6 6 6 6 6 6 6 6 6 6 6 6 6 6 6 6 6 6 6 6 6 6 6 6 6 6
 6 6 6 6 6 6 6 6 6 6 6 6 6 6 6 6 6 6 6 6 6 6 6 6 6 6 6 6 6 6 6 6 6 6 6 6 6
 6 6 6 6 6 6 6 6 6 6 6 6 6 6 6 6 6 6 6 6 6 6 6 6 6 6 6 6 6 6 6 6 6 6 6 6 6
 6 6 6 6 6 6 6 6 6 6 6 6 6 8 8 8 8 8 8 8 8 8 8 8 8 8 8 8 8 8 8 8 8 8 8 8 8
 8 8 8 8 8 8 8 8 8 8 8 8 8 8 8 8 8 8 8 8 8 8 8 8 8 8 8 8 8 8 8 8 8 8 8 8 8
 8 8 8 8 8 8 8 8 8 8 8 8 8 8 8 8 8 8 8 8 8 8 8 8 8 8 8 8 8 8 8 5 5 5 5 5 5
 2 2 2 5 5 5 5 5 2 2 2 5 5 5 2 2 2 2 5 5 2 2 5 5 2 2 5 5 5 5 2 2 2 2 2 2 2
 2 2 5 5 5 5 5 5 5 5 5 5 5 5 2 5 5 5 2 2 2 2 2 2 2 2 2 2 2 2 2 2 2 2 2 2 2
 5 5 5 5 5 5 5 2 2 2 2 2 2 2 2 5 5 5 5 5 5 5 5 5 5 5 2 2 2 2 2 2 5 5 5 5 5
 5 5 2 5 2 2 2 2 2 2 5 5 5 2 2 2 2 2 2 2 2 5 5 5 5 5 5 2 2 2 2 5 5]
[ 9  9  9 10 10 10 10  3  3  3  5  5  5  5  0  0  0  0  9  9  9  9  9 10
 10 10 10  3  3  3  3  3  5  5  5  5  5  5  0  0  0  0  0  9  9  9  9  9
 10  9 10 10 10 10  3  3  3  3  3  3  5  5  5  5  5  3  5  5  5  5  5  0
  0  0  0  0  0  3  3  3  3  3 10 10  5  5  0 10 10 10 10  9  9  9  9  9
  9  9  5  5  0  5  5  5  0  0  0  0 11 11 11 11 11 11 11 11 11 11 11 11
 11 11 11 11 11 11 11 11 11 11 11 11 11 11 11 11 11  8  8 11 11 11 11 11
 11 11 11 11 11  8  8 11 11 11 11 11 11 11 11  8  8  8  8  8  8  8  8  8
  8  8  8  8  8  8  8  8  8  8  8  8  8  8  8  8  8  8  8  8  8  8  8  8
  8  8  8  8  8  8  8  8  8  8  8  8  8  8  8  8  8  8  8  8  8  8  8  8
  8  8  8  8  8  8  8  8  8  8  8  8  8  8  8  8  2  2  2  2  2  2  2  2
  2  2  2  2  2  2  2  2  2  2  2  2  2  2  2  2  2  2  2  2  2  2  6  2
  6  6  6  6  6  6  6  2  2  2  2  2  2  2  2  2  2  6  6  6  6  6  6  6
  6  6  6  6  6  6  6  2  2  2  2  2  2  2  2  2  2  2  6  2  2  6  6  6
  6  6  6  6  6  6  6  2  6  6  6  6  6  6  6  6  6  6  6  6  6  6  2  2
  2  2  2  2  2  2  6  6  6  6  7  7  7  7  7  7  7  7  7  7  7  7  7  7
  7  7  7  7  7  7  7  7  7  7  7  7  7  7  7  7  7  7  7  7  7  7  7  7
  7  7  7  7  7  7  7  7  7  7  7  7  7  7  7  7  7  7  7  7  7  7  7  7
  7  7  7  7  7  7  7  7  7  7  7  7  7  7  7  7  7  7  7  7  7  7  7  7
  7  7  7  7  7  7  1  1  1  1  1  1  4  4  4  1  1  1  1  1  4  4  4  1
  1  1  4  4  4  4  1  1  4  4  1  1  4  4  1  1  1  1  4  4  4  4  4  4
  4  4  1  1  1  1  1  1  1  1  1  1  1  1  1  1  1  1  1  1  4  4  4  4
  4  4  4  4  4  4  4  4  4  4  4  4  4  4  1  1  1  1  1  1  1  4  4  4
  4  4  4  4  4  1  1  1  1  1  1  1  1  1  1  1  4  4  4  4  4  1  1  1
  1  1  1  1  1  1  1  4  4  4  4  4  4  1  1  1  4  4  4  4  4  4  4  1
  1  1  1  1  1  1  1  4  4  1  1  1]
[ 6  6  6  6  6  6 10 10 10 10  0  0  0  0 18 18 18 18  6  6  6  6  6  6
  6  6 10 10 10 10 10 10  0  0  0  0  0  0 18 18 18 18 18  6  6  6  6  6
  6  6  6  6  6 10 10 10 10 10 10 10  0  0  0  0  0 10  0  0  0  0  0 18
 18 18 18 18 18 10 10 10 10 10 10 10  0  0 18  6  6  6  6  6  6  6  6  6
  6  6  0  0 18  0  0  0 18 18 18 18 21 21 21 21 21 21 21 21 21 21 21 21
 21 21 21 21 21 21 21 21 21 21 21 21 14 14 14 14 14 14 14 14 14 14 14 14
 14 14 14 14 14 14 14 14 14 14 14 14 14 14 14 11 11 11 11 11  5  5  5 15
 15 15 15 11 11  5  5 15 15 11 11  5  5  5 11 15 15 15 11 11 11 11  5 11
  5 11 11 11 11 11 11 15 15 15 15  5  5  5  5  5 15  5 15 15 15 11 11 15
 15 15 15 15  5  5 11 11 15 15  5  5  5 11 11  5 12 12 12  8  8  8 12 12
 12  8  8  8  8  8  8  8 12 12 12 12  8  8  8  8  8  8 12 12 12 12 12 12
  4  4  4  4  4  4 19 19 19 19 22 22 22 22 22 19 19  4  4  4  4  4  4  4
  4  4  4  4 19 19 19 19 19 22 22 22 22 22 22 22 19 22 19 19 19  4  4  4
  4 17 17 17 17 17 17 22 17 17 17 17 17 17 17 22 17 17 17 17 17 17 22 22
 22 22 22 22 22 22 17 17 17 17  9  9  9  9  2  2  2  9  9  9  9  9  9  9
  2  2  2  2  2  2  2  9  9  9  9  2  2  2  2  2  2  2  9  9  1  1  2  2
  2  2 16 16 16 16 16 16 16 16 16 16 16 16 16 16 16 16 16 16 16 16 16 16
 16 16 16 16 16 16  9  1  1  2  1  1  1  1  1  1  2  1  1  1  1  9  1  1
  1  1  1  9  1  1 20 20 20 20 20 20 20 20 20 20 20 20 20 20 20 20 20 20
 20 20 20  3 20 20 20 20 20 20 20 20 20 20  7  7  7 20 20 20  3  3  3  3
  3 20 20 20  7  7  7  7  7  7  7  7 13 20 20 20 20 20 13 13 13  3 13 13
  3  3  3  3  3  3  3  3  3  3  3  3 13 13 20  7  7  7  7  7  7 20  3  3
  3  3  3  3  3  7  7  7  7  7  7  7  7  7 13 13 13 13  3  3 13 13 13  7
 13 13 13 13 13 13 13 13 13 13  3 13 13 13 13 13 13  3  3  3 13 13 13 13
 13  7 13 13 13 13 13 13 13 13 13 13]
[10 10 10 10 10 10 10  8  8  8  8  6  6  6  6  6  6  6 10 10 10 10 10 10
 10 10 10  8  8  8  8  8  8  8  6  6  6  6  6  6  6  6  6 10 10 10 10 10
 10 10 10 10 10 10  8  8  8  8  8  8  8  8  6  8  8  8  8  8  6  6  6  6
  6  6  6  6  6  8  8  8  8  8 10 10  6  6  6 10 10 10 10 10 10 10 10 10
 10 10  6  6  6  6  8  6  6  6  6  6 13 13 13 13 13 13 13 13 13 13 13 13
 13 13 13 13 13 13 13 13 13 13 13 13  1  1  1  1  1  1  1  1  1  1  1  1
  1  1  1  1  1  1  1  1  1  1  1  1  1  1  1  3  3  3  3  3  3  3  3  3
  3  3  3  3  3  3  3  3  3  3  3  3  3  3  3  3  3  3  3  3  3  3  3  3
  3  3  3  3  3  3  3  3  3  3  3  3  3  3  3  3  3  3  3  3  3  3  3  3
  3  3  3  3  3  3  3  3  3  3  3  3  3  3  3  3  0  0  0  0  0  0  0  0
  0  0  0  0  0  0  0  0  0  0  0  0  0  0  0  0  0  0  0  0  0  0  4  0
  4  4  4  4  4  4  4  4  2  2  2  2  2  2  2  2  4  4  4  4  4  4  4  4
  4  4  4  4  4  4  9  2  2  2  2  2  2  2  2  2  2  2  4  2  2  4  4  4
  4 12 12 12 12  9  9  9  9 12 12 12 12  9  9  9  9 12 12 12 12 12  9  9
  9  9  9  9  9  9  9 12  9 12  7  7  7  7  7 11 11  7  7  7  7  7  7  7
 11  7 11 11 11 11 11  7  7  7  7 11 11 11 11 11 11  7  7  7  7  7 11 11
 11  7 11 11 11 11 11 11 11 11 11 11 11 11 11 11 11 11 11 11 11 11 11 11
 11 11 11 11 11 11  7  7  7  7  7  7  7  7  7  7  7  7  7  7  7  7  7  7
  7  7  7  7  7  7 14 14 14 14 14 14 15 15 15 14 14 14 14 14 15 15 15 14
 14 14 15 15 15 15 14 14 15 15 14 14 15 15 14 14 14 14  5 15 15 15 15 15
 15 15  5 14 14 14 14 14 14 14 14 14  5 14  5  5 14  5  5  5  5 15  5  5
 15 15 15 15 15 15 15 15 15 15 15 15  5  5 14 14 14 14 14 14 14  5 15 15
 15 15 15 15 15 14 14 14 14 14 14 14 14 14  5  5  5  5 15  5  5  5  5 14
  5  5  5  5  5  5  5  5  5  5 15  5  5  5  5  5  5 15 15  5  5  5  5  5
  5  5  5  5  5  5  5  5  5  5  5  5]
[ 8  8  8  8  8  8  8  0  0  0  0  0  1  1  1  1  1  1  8  8  8  8  8  8
  8  8  8  0  0  0  0  0  0  0  0  1  0  1  1  1  1  1  1  8  8  8  8  8
  8  8  8  8  8  8  0  0  0  0  0  0  0  0  0  0  0  0  0  0  1  1  1  1
  1  1  1  1  1  0  0  0  0  0  8  8  1  1  1  8  8  8  8  8  8  8  8  8
  8  8  1  1  1  1  0  0  1  1  1  1  7  7  7  7  7  7  7  7  7  7  7  7
  7  7  7  7  7  7  7  7  7  7  7  7  7  7  7  7  7  2  2  7  7  7  7  7
  7  7  7  7  7  2  2  7  7  7  7  7  7  7  7  2  2  2  2  2  2  2  2  2
  2  2  2  2  2  2  2  2  2  2  2  2  2  2  2  2  2  2  2  2  2  2  2  2
  2  2  2  2  2  2  2  2  2  2  2  2  2  2  2  2  2  2  2  2  2  2  2  2
  2  2  2  2  2  2  2  2  2  2  2  2  2  2  2  2  9  9  9  9  9  9  9  9
  9  9  9  9  9  9  9  9  9  9  9  9  9  9  9  9  9  9  9  9  9  9  9  9
  6  6  6  6  6  6  6  6 11 11 11 11 11 11 11 11  6  6  6  6  6  6  6  6
  6  6  6  6  6  6 11 11 11 11 11 11 11 11 11 11 11 11  6 11 11  6  6  6
  6  6  6  6  6 11 11 11 11  6  6  6  6 11 11 11 11  6  6  6  6  6 11 11
 11 11 11 11 11 11 11  6 11  6 10 10 10 10  5  5  5 10 10 10 10 10  5 10
  5  5  5  5  5  5  5 10 10 10 10  5  5  5  5  5  5  5 10 10 10 10  5  5
  5  5  5  5  5  5  5  5  5  5  5  5  5  5  5  5  5  5  5  5  5  5  5  5
  5  5  5  5  5  5 10 10 10  5 10 10 10 10 10 10 10 10 10 10 10 10 10 10
 10 10 10 10 10 10  4  4  4  4  4  4  3  3  3  3  4  4  4  4  3  3  3  3
  4  4  3  3  3  3  3  4  3  3  4  4  3  3  4  4  4  4  3  3  3  3  3  3
  3  3  3  4  4  4  4  4  4  4  4  4  4  4  4  3  4  4  4  3  3  3  3  3
  3  3  3  3  3  3  3  3  3  3  3  3  3  3  4  4  4  4  4  4  4  3  3  3
  3  3  3  3  3  4  4  4  4  4  4  4  4  4  4  4  3  3  3  3  3  3  4  4
  4  4  4  4  4  3  4  3  3  3  3  3  3  4  4  4  3  3  3  3  3  3  3  3
  4  4  4  4  4  4  3  3  3  3  4  4]
[ 3  3  3  3  3  3  1  1  1  1  1  4  4  4  4  4  4  4  3  3  3  3  3  3
  3  3  3  1  1  1  1  1  1  1  4  4  4  4  4  4  4  4  4  3  3  3  3  3
  3  3  3  3  3  3  1  1  1  1  1  1  1  1  4  1  1  1  1  1  4  4  4  4
  4  4  4  4  4  1  1  1  1  1  3  3  4  4  4  3  3  3  3  3  3  3  3  3
  3  3  4  4  4  4  1  4  4  4  4  4  6  6  6  1  1  1  6  6  6  6  6  6
  6  6  6  6  6  1  6  6  6  1  1  1  6  6  6  6  6  8  8  6  6  6  6  6
  6  6  6  6  6  6  6  6  6  6  6  6  6  6  6  8  8  8  8  8  8  8  8  8
  8  8  8  8  8  8  8  8  8  8  8  8  8  8  8  8  8  8  8  8  8  8  8  8
  8  8  8  8  8  8  8  8  8  8  8  8  8  8  8  8  8  8  8  8  8  8  8  8
  8  8  8  8  8  8  8  8  8  8  8  8  8  8  8  8 10 10 10 10 10 10 10 10
 10 10 10 10 10 10 10 10 10 10 10 10 10 10 10 10 10 10 10 10 10 10 10 10
  5  5  5  5  5  5  5  5 10 10 10 10 10 10 10 10 10  5  5  5  5  5  5  5
  5  5  5  5  5  5  5 10 10 10 10 10 10 10 10 10 10 10  5 10 10  5  5  5
  5  5  5  5  5  5  5  5  5  5  5  5  5  5  5  5  5  5  5  5  5  5  5  5
  5  5  5 10 10 10  5  5  5  5  2  2  2  2  2  0  0  2  2  2  2  2  2  2
  0  2  0  0  0  0  0  2  2  2  2  0  0  0  0  0  0  2  2  2  2  2  0  0
  0  2  0  0  0  0  0  0  0  0  0  0  0  0  0  0  0  0  0  0  0  0  0  0
  0  0  0  0  0  0  2  2  2  2  2  2  2  2  2  2  2  2  2  2  2  2  2  2
  2  2  2  2  2  2  9  9  9  9  9  9  7  7  7  7  9  9  9  9  7  7  7  7
  9  9  7  7  7  7  7  9  7  7  9  9  7  7  9  9  9  9  7  7  7  7  7  7
  7  7  7  9  9  9  9  9  9  9  9  9  9  9  9  7  9  9  9  7  7  7  7  7
  7  7  7  7  7  7  7  7  7  7  7  7  7  7  9  9  9  9  9  9  9  7  7  7
  7  7  7  7  7  9  9  9  9  9  9  9  9  9  9  9  7  7  7  7  7  7  9  9
  9  9  9  9  9  7  9  7  7  7  7  7  7  9  9  9  7  7  7  7  7  7  7  7
  9  9  9  9  9  9  7  7  7  7  9  9]
[ 4  4  4  4 16 16 16 16 16 15 15 15 15 13 13 13 13 13  4  4  4  4  4  4
 16 16 16 16 16 16 15 15 15 15 15 15 15 13 13 13 13 13 13  4  4  4  4  4
  4  4 16 16 16 16 16 16 16 16 15 15 15 15 15 15 15 15 15 15 15 15 13 13
 13 13 13 13 13 15 15 16 16 16 16 16 15 13 13 16 16 16  4  4  4  4  4  4
  4  4 15 15 13 13 15 15 13 13 13 13 19 19 19 19 19 19 19 19 19 19 19 19
 19 19 19 19 19 19 19 19 19 19 19 19 12 12 12 12 12 12 12 12 12 12 12 12
 12 12 12 12 12 12 12 12 12 12 12 12 12 12 12  8  8  8  5  5  5  5  5  8
  8  8  8  8  5  5  5  8  8  5  5  5  5  5  8  8  8  8  5  5  5  5  5  5
  5  5  5  8  5  5  5  8  8  8  8  5  5  5  5  5  8  8  8  8  8  5  8  8
  8  8  8  8  5  5  5  8  8  8  5  5  5  8  8  5 21 21 21 21 21 21 21 21
 21 21 21 21 21 21 21 21 21 21 21 21 21 21 21 21 21 21 21 21 21 21 17 21
 17 17 17 17 17 17 17  7  2  2  2  2  2  2  2  2 21 17 17 17 17 17 17 17
 17 17 17 17  7  7  7  2  2  2  2  2  2  2  2  2  2  2 17  2  2 17 17 17
 17  7  7  7  7  7  7  2  7  7  7  7  7  7  7  2  7  7  7  7  7  7  2  2
  2  2  2  2  2  2  7  7  7  7 20 20 20 20  1  3  3 20 20 20 20 20 18  1
 18  1  3  3  3  3  3 20 20 20 20  3  3  3  3  3  3  1 20  1  1  1  3  3
  3  1 18 18 18 18 18 18  3 18 18  3 18 18 18 18 18 18  3  3 18 18 18 18
 18 18 18 18 18 18 20  1  1  1  1  1  1  1  1  1  1  1  1  1  1 20  1  1
  1  1  1 20  1  1  6  6  6  6  6  6  0  0  0  6  6  6  6  6  0  0  0  6
  6  6  0  0  0  0  6  6  0  0  6  6  0  0 10 10 11 11 11  0 14 14 14 14
  0  0 11 11 11 10 10 10 10 10 10 11 11 11 11 11 11 11 11 11 11 22 22 11
 22 14 14 14 14 14 14 14 14 14 14 14 22 11 11 10 10 10 10 10 11 11  0  0
  0 14 14 14 14 10 10 10 10 10 10 10 10  9  9  9 22 22 22 22 22  9  9  9
  9  9  9  9  9  9  9 22 22 22 22 22 22  9  9  9 22 14 22 22 22 22 22  9
  9  9  9  9  9  9  9 22 22  9  9  9]
[13 13 13 13 13  8  8  8  8  1  1  1  1 12 12 12 12 12 13 13 13 13 13 13
 13  8  8  8  8  8  1  1  1  1  1  1  1 12 12 12 12 12 12 13 13 13 13 13
 13 13 13  8  8  8  8  8  8  8  8  1  1  1  1  1  1  1  1  1  1  1 12 12
 12 12 12 12 12  1  8  8  8  8  8  8  1 12 12  8  8 13 13 13 13 13 13 13
 13 13  1  1 12 12  1  1 12 12 12 12 11 11 11 11 11 11 11 11 11 11 11 11
 11 11 11 11 11 11 11 11 11 11 11 11 11 11 11 11 11  5  5 11 11 11 11 11
 11 11 11 11 11  5  5 11 11 11 11 11 11 11 11  5  5  5  5  5  5  5  5  5
  5  5  5  5  5  5  5  5  5  5  5  5  5  5  5  5  5  5  5  5  5  5  5  5
  5  5  5  5  5  5  5  5  5  5  5  5  5  5  5  5  5  5  5  5  5  5  5  5
  5  5  5  5  5  5  5  5  5  5  5  5  5  5  5  5 14 14 14 14 14 14 14 14
 14 14 14 14 14 14 14 14 14 14 14 14 14 14 14 14 14 14 14 14 14 14 10 14
 10 10 10 10 10 10 10 10  6  6  6  6  6  6  6  6 14 10 10 10 10 10 10 10
 10 10 10 10 10 10  7  6  6  6  6  6  6  6  6  6  6  6 10  6  6 10 10 10
 10 10  7  7  7  7  7  7  7  7  7  7  7  7  7  7  7  7  7  7  7  7  7  7
  7  6  6  6  6  6  7  7  7  7  4  4  4  4  0  0  0  4  4  4  4  4  0  4
  0  0  0  0  0  0  0  4  4  4  4  0  0  0  0  0  0  0  4  4  4  0  0  0
  0  0  0  0  0  0  0  0  0  0  0  0  0  0  0  0  0  0  0  0  0  0  0  0
  0  0  0  0  0  0  4  4  4  0  4  4  4  4  4  4  0  4  4  4  4  4  4  4
  4  4  4  4  4  4  9  9  9  9  9  9  9  9  9  9  9  9  9  9  9  9  9  9
  9  9  2  2  9  9  9  9  2  9  9  9  9  9  4  9  9  9  9  2  2  2  2  2
  2  2  9  9  9  9  9  4  9  9  9  9  9  9  9  9  9  9  3  3  3  2  3  3
  2  2  2  2  2  2  2  2  2  2  2  2  3  3  9  4  9  9  9  4  9  3  2  2
  2  2  2  2  2  4  9  4  4  9  9  9  9  3  3  3  3  3  2  2  3  3  3  3
  3  3  3  3  3  3  3  3  3  3  2  3  3  3  3  3  3  2  2  2  3  3  3  3
  3  3  3  3  3  3  3  3  3  3  3  3]
[14 14 14 14 14 14  6  6  6  6  2  2  2  2 12 12 12 12 14 14 14 14 14 14
 14 14  6  6  6  6  6  6  2  2  2  2  2  2 12 12 12 12 12 14 14 14 14 14
 14 14 14 14 14  6  6  6  6  6  6  6  2  2  2  2  2  6  2  2  2  2  2 12
 12 12 12 12 12  6  6  6  6  6  6  6  2  2 12 14 14 14 14 14 14 14 14 14
 14 14  2  2 12  2  2  2 12 12 12 12 11 11 11 11 11 11 11 11 11 11 11 11
 11 11 11 11 11 11 11 11 11 11 11 11  7  7  7  7  7  7  7  7  7  7  7  7
  7  7  7  7  7  7  7  7  7  7  7  7  7  7  7  8  8  8  8  8  8  8  8  8
  8  8  8  8  8  8  8  8  8  8  8  8  8  8  8  8  8  8  8  8  8  8  8  8
  8  8  8  8  8  8  8  8  8  8  8  8  8  8  8  8  8  8  8  8  8  8  8  8
  8  8  8  8  8  8  8  8  8  8  8  8  8  8  8  8  9  9  9  9  9  9  9  9
  9  9  9  9  9  9  9  9  9  9  9  9  9  9  9  9  9  9  9  9  9  9  5  9
  5  5  5  5  5  5  5  9  9  0  0  0  0  0  0  9  9  5  5  5  5  5  5  5
  5  5  5  5  5  5  4  0  0  0  0  0  0  0  0  0  0  0  5  0  0  5  5  5
  5  5  4  4  4  4  4  4  4  4  4  4  4  4  4  4  4  4  4  4  4  4  4  4
  4  0  0  0  0  0  4  4  4  4 13 13 13 13  1  1  1 13 13 13 13 13  1 13
  1  1  1  1  1  1  1 13 13 13 13  1  1  1  1  1  1  1 13 13 13 13  1  1
  1  1  1  1  1  1  1  1  1  1  1  1  1  1  1  1  1  1  1  1  1  1  1  1
  1  1  1  1  1  1 13 13 13  1 13 13 13 13 13 13  1 13 13 13 13 13 13 13
 13 13 13 13 13 13  3  3  3  3  3  3 10 10 10  3  3  3  3  3 10 10 10  3
  3  3 10 10 10 10  3  3 10 10  3  3 10 10 13  3  3  3 10 10 10 10 10 10
 10 10  3  3  3  3  3 13  3  3  3  3  3  3  3  3  3  3  3  3 10 10 10 10
 10 10 10 10 10 10 10 10 10 10 10 10 10 10  3  3  3  3  3  3  3 10 10 10
 10 10 10 10 10 13  3 13  3  3  3  3  3  3  3  3 10 10 10 10 10  3  3  3
  3  3  3  3  3  3  3 10 10 10 10 10 10  3  3  3 10 10 10 10 10 10 10  3
  3  3  3  3  3  3  3  3 10  3  3  3]
[10 10 10 10 13 13 13 13 16 16  0  0  0  0  5  5  5  5 10 10 10 10 10 10
 13 13 13 13 16 16 16 16 16  0  0  0  0  0  5  5  5  5  5 10 10 10 10 10
 10 10 13 13 13 13 13 13 13 16 16 16 16  0  0  0  0 16  0  0  0  0  0  5
  5  5  5  5  5 16 16 16 16 13 13 13  0  0  5 13 13 13 10 10 10 10 10 10
 10 10  0  0  5  0 16  0  5  5  5  5  8  8  8  8  8  8  8  8  8  8  8  8
  8  8  8  8  8  8  8  8  8  8  8  8  7  7  7  7  7  7  7  7  7  7  7  7
  7  7  7  7  7  7  7  7  7  7  7  7  7  7  7 11 14 14 11 11 18 18 18 18
 14 14 14 11 11 18 18 18 14 11 11 11 18 18 11 14 14 14 11 11 11 11 11 11
 11 11 11 14 11 11 11 14 14 14 14 18 18 18 18 18 18 18 18 18 14 11 14 14
 14 14 14 18 18 18 11 14 14 14 18 18 11 14 11 11  9 12 12 12 12 12  9 12
 12 12 12 12 12 12 12 12 12  9 12 12 12 12 12 12 12 12  9  9  9  9  9  9
  9  9  9  9  9  9  9  9 12 12 12 12 12 12 12 12  9  9  9  9  9  9  9  9
  9  9  9  9  9  9  6  6 12 12 12 12 12 12 12 12 12 12  9 12 12  9  9  9
  9  6  6  6  6  6  6  6  6  6  6  6  6  6  6  6  6  6  6  6  6  6  6  6
  6  6  6  6  6  6  6  6  6  6  2  2  2  2  4  4  4  2  2  2  2  2  2  2
  4  4  4  4  4  4  4  2  2  2  2  4  4  4  4  4  4  4  2  2  2  4  4  4
  4  4  1  1  1  1  1  1  1  1  1  1  1  1  1  1  1  1  1  1  1  1  1  1
  1  1  1  1  1  1  2  2  4  4  4  4  2  2  2  4  4  4  2  2  2  2  2  4
  4  4  2  2  4  2 15 15 15 15 15 15  3  3  3 15 15 15 15 15  3  3  3 15
 15 15  3  3  3  3 15 15  3  3 15 15  3  3 15 15 15 15  3  3  3  3  3  3
  3  3  3 15 15 15 15 15 15 15 15 15 17 15 17 17 15 17 17 17 17  3  3 17
  3  3  3  3  3  3  3  3  3  3  3  3  3  3 15 15 15 15 15 15 15  3  3  3
  3  3  3  3  3 15 15 15 15 15 15 15 15 17 17 17 17 17  3  3 17 17 17 17
 17 17 17 17 17 17 17 17 17 17  3 17 17 17 17 17 17  3  3 17 17 17 17 17
 17 17 17 17 17 17 17 17 17 17 17 17]
[11 11 11 11 11 16 16 16 16  2  2  2  9  9  9 15 15 15 11 11 11 11 11 11
 11 16 16 16 16  2  2  2  2  2  2  9  2  9  9  9  1  1 15 11 11 11 11 11
 11 11 11 16 16 16 16 16 16 16  2  2  2  2  2  2  2  2  2  2  9  9  9  9
  9  1  1  1 15  2  2 16 16 16 16 16  9  9  9 16 16 11 11 11 11 11 11 11
 11 11  9  9  9  9  2  2  9 15  1  1 18 18 18 18 18 18 18 18 18 18 18 18
 18 18 18 18 18 18 18 18 18 18 18 18  0  0  0  0  0  0  0  0  0  0  0  0
  0  0  0  0  0  0  0  0  0  0  0  0  0  0  0 20 20  4 20 20 20 20  4  4
  4  4  4 20 20 20  4  4  4 20 20 20 20  4 20  4  4  4 20 20 20 20 20 20
 20 20 20 20 20 20 20  4  4  4  4  4  4 20 20  4  4  4  4  4  4 20  4  4
  4  4  4  4  4  4 20 20  4  4  4 20 20 20 20 20  5 12 12 12 12 12 12 12
 12 12 12 12 12 12 12 12 12  5 12 12 12 12 12 12 12 12  5  5  5  5  5  5
  5  5  5  5  5  5  5  5 12 12 12 12 12 12 12 12  5  5  5  5  5  5  5  5
  5  5  5  5  5  5 13 13 12 12 12 12 12 12 12 12 12 12  5 12 12  5  5  5
  5  5 13 13 13 13 13 13 13 13 13 13 13 13 13 13 13 13 13 13 13 13 13 13
 13 13 13 13 13 13 13 13 13 13 17 17 17 17 14 14 14 17 17 17 17 17 17  3
  7 14 14 14 14 14 14 17 17 17 17 14 14 14 14 14 14 14 17  3  3  3 14 14
 14 14 17  7  7  7  7  7  7  7  7  7  7  7  7  7  7  7  7  7  7  7 17  7
  7  7  7  7  7  7  3  3  3 14 14  3  3  3  3  3 14  3  3  3  3  3  3 14
 14  3  3  3 14  3  8  8  8  8  8  8  8  8  8  8  8  8  8  8  8  8  8  8
  8  8  8  8  8  8  8  8  8  8  8  8  8  8  6  6  6  8  8  8 10 10 10 10
 10  8  8  8  6  6  6  6  6  6  6  6 19  8 19  8  8 19 19 19 19 10 19 19
 10 10 10 10 10 10 10 10 10 10 10 10 19 19  8  6  6  6  6  6  6  8  8 10
 10 10 10 10 10  6  6  6  6  6  6  6  6  6 19 19 19 19 10 10 19 19 19  6
 19 19 19 19 19 19 19 19 19 19 10 19 19 19 19 19 19 10 10 10 19 19 19 19
 19  6 19 19 19 19 19 19 19 19 19 19]
[ 8  8  8  8  8 11 11 11 11 10 10 10 10  6  6  6  6  6  8  8  8  8  8  8
  8 11 11 11 11 11 10 10 10 10 10 10 10 10  6  6  6  6  6  8  8  8  8  8
  8  8  8 11 11 11 11 11 11 11 11 10 10 10 10 10 10 10 10 10 10 10  6  6
  6  6  6  6  6 10 11 11 11 11 11 11 10 10  6 11 11  8  8  8  8  8  8  8
  8  8 10 10  6 10 10 10  6  6  6  6  5  5  5  5  5  5  5  5  5  5  5  5
  5  5  5  5  5  5  5  5  5  5  5  5 12 12 12 12 12 12 12 12 12 12 12 12
 12 12 12 12 12 12 12 12 12 12 12 12 12 12 12 16 16 16 16 16 16 16 16 16
 16 16 16 16 16 16 16 16 16 16 16 16 16 16 16 16 16 16 16 16 16 16 16 16
 16 16 16 16 16 16 16 16 16 16 16 16 16 16 16 16 16 16 16 16 16 16 16 16
 16 16 16 16 16 16 16 16 16 16 16 16 16 16 16 16  4  4  4  7  7  7  4  4
  4  7  7  7  7  7  7  7  4  4  4  4  7  7  7  7  7  7  4  4  4  4  4  4
 20 20 20 20 20 22 22 22 22 18 18 18 18 18 18 22 22 22 20 20 20 20 20 20
 20 20 20 22 22 22 22 22 18 18 18 18 18 18 18 18 18 18 22 22 18 20 20 22
 22  9  9  9  9  9  1  1  9  9  9  9  9  9  1  1  1  9  9  9  9  9  1  1
  1  1  1  1  1  1  9  9  9  9 14 14 14 14  3  3  3 14 14 14 14 14  0  3
  0  3  3  3  3  3  3 14 14 14 14  3  3  3  3  3  3  3 14 14 14  3  3  3
  3  3  0  0  0  0  0  0  0  0  0  0  0  0  0  0  0  0  0  0  0  0  0  0
  0  0  0  0  0  0 14 14  3  3  3  3  3 14  3  3  3  3  3  3 14 14  3  3
  3  3  3 14  3  3 21 21 21 21 21 21 21 21 21 21 21 21 21 21 21 21 21 21
 21 21 21 21 21 21 21 21 21 21 21 21 21 21  2  2 17 17 21 19 15 15 15 15
 19 19 21 17 17  2  2  2  2  2 17 17 17 17 17 19 21 17 17 19 19 19 19 19
 19 19 15 15 15 15 15 15 15 15 15 15 19 19 17  2  2  2  2  2 17 19 19 19
 15 15 15 15 15  2  2  2  2  2  2  2 17 17 17 13 19 19 19 19 19 13 17 17
 17 13 13 17 17 13 13 13 19 19 19 19 13 13 13 17 19 15 19 19 19 19 13 13
 13 17 13 13 13 13 13 13 13 13 13 13]
[ 6  6  6  6  6 11 11 11 11  7  7  8  8  8 16 16 16 16  6  6  6  6  6  6
  6 11 11 11 11  7  7  7  7  7  8  8  8  8  8 16 16 16 16  6  6  6  6  6
  6  6  6 11 11 11 11 11 11 11  7  7  7  7  8  7  7  7  7  7  8  8  8  8
 16 16 16 16 16  7  7 11 11 11 11 11  8  8  8 11 11  6  6  6  6  6  6  6
  6  6  8  8  8  8  7  8 16 16 16 16  1  1  1  1  1  1  1  1  1  1  1  1
  1  1  1  1  1  1  1  1  1  1  1  1 13 13 13 13 13 13 13 13 13 13 13 13
 13 13 13 13 13 13 13 13 13 13 13 13 13 13 13 12 12 12 12 12 12 12 12 12
 12 12 12 12 12 12 12 12 12 12 12 12 12 12 12 12 12 12 12 12 12 12 12 12
 12 12 12 12 12 12 12 12 12 12 12 12 12 12 12 12 12 12 12 12 12 12 12 12
 12 12 12 12 12 12 12 12 12 12 12 12 12 12 12 12  0  0  0  0  0  0  0  0
  0  0  0  0  0  0  0  0  0  0  0  0  0  0  0  0  0  0  0  0  0  0  0  0
 10 10 10 10 10 10 10 10 15 15 15 15 15 15 15 15  0 10 10 10 10 10 10 10
 10 10 10 10 10 10 15 15 15 15 15 15 15 15 15 15 15 15 10 15 15 10 10 10
 10 10 10 10 10 15 15 15 15 10 10 10 10 15 15 15 15 10 10 10 10 10 15 15
 15 15 15 15 15 15 15 10 15 10  9  9  9  9 14 14 14  9  9  9  9  9 14  9
 14 14 14 14 14 14 14  9  9  9  9 14 14 14 14 14 14 14  9  9  9  9 14 14
 14 14 14 14 14 14 14 14 14 14 14 14 14 14 14 14 14 14 14 14 14 14 14 14
 14 14 14 14 14 14  9  9  9 14  9  9  9  9  9  9  9  9  9  9  9  9  9  9
  9  9  9  9  9  9  5  5  5  5  4  4  4  4  4  4  4  4  5  4  4  4  4  4
  4  4  4  4  4  4  4  4  4  4  4  4  4  4  5  5  5  4  4  4  3  3  3  3
  3  4  4  4  5  5  5  5  5  5  5  5  2  4  4  4  4  4  2  2  4  4  4  2
  3  3  3  3  3  3  3  3  3  3  3  3  2  4  4  5  5  5  5  5  5  4  4  3
  3  3  3  3  3  5  5  5  5  5  5  5  5  5  2  2  2  2  3  3  2  2  2  5
  2  2  2  2  2  2  2  2  2  2  3  2  2  2  2  2  2  3  3  3  2  2  2  2
  2  5  2  2  2  2  2  2  2  2  2  2]
[ 0  0  0  0  0  0  9  9  9  9 18 18 18 18 12 12 12 12  0  0  0  0  0  0
  0  0  9  9  9  9  9  9 18 18 18 18 18 18 12 12 12 12 12  0  0  0  0  0
  0  0  0  0  0  9  9  9  9  9  9  9 18 18 18 18 18  9 18 18 18 18 18 12
 12 12 12 12 12  9  9  9  9  9  9  9 18 18 12  0  0  0  0  0  0  0  0  0
  0  0 18 18 12 18 18 18 12 12 12 12 17 17 17 17 17 17 17 17 17 17 17 17
 17 17 17 17 17 17 17 17 17 17 17 17 16 16 16 16 16 16 16 16 16 16 16 16
 16 16 16 16 16 16 16 16 16 16 16 16 16 16 16  3  3  3  3  3  3  3  3  3
  3  3  3  3  3  3  3  3  3  3  3  3  3  3  3  3  3  3  3  3  3  3  3  3
  3  3  3  3  3  3  3  3  3  3  3  3  3  3  3  3  3  3  3  3  3  3  3  3
  3  3  3  3  3  3  3  3  3  3  3  3  3  3  3  3  4  4  4  4  4  4  4  4
  4  4  4  4  4  4  4  4  4  4  4  4  4  4  4  4  4  4  4  4  4  4  4  4
 11 11 11 11 11 11 11 11 10 10 10 10 10 10 10 10 11 11 11 11 11 11 11 11
 11 11 11 11 11 11 10 10 10 10 10 10 10 10 10 10 10 10 11 10 10 11 11 11
 11 11 11 11 11 10 10 10 10 11 11 11 11 10 10 10 10 11 11 11 11 11 10 10
 10 10 10 10 10 10 10 11 10 11 13 13 13 13  6  6  6 13 13 13 13 13 13 13
  6  6  6  6  6  6  6 13 13 13 13  6  6  6  6  6  6  6 13 13 13  6  6  6
  6  6  8  8  8  8  8  8  8  8  8  8  8  8  8  8  8  8  8  8  8  8  8  8
  8  8  8  8  8  8 13 13  6  6  6  6 13 13 13  6  6  6 13 13 13 13 13  6
  6  6 13 13  6 13  5  5  5  5  5  5  2  2  2  5  5  5  5  5  2  2  2  5
  5  5  2  2  2  2  5  5  2  2  5  5  2  2 14 14  7  7  2  2 15 15 15 15
  2  2  2  7  7 14 14 14 14 14  7  7  7  7  7  2  2  7  7  7  2  2  2  1
  2 15 15 15 15 15 15 15 15 15 15 15  2  2  7 14 14 14 14 14  7  2  2  2
  2 15 15 15 15 14 14 14 14 14 14 14  7  7  7  7  1  1 15  1  1  1  7  7
  7  1  7  7  7  1  1  1  1  1 15  1  1  1  7  7  1 15 15  1  1  1  1  1
  1  7  7  7  1  1  1  1  1  1  1  1]
[15 15 15 15 15 15 15  7  7  7  7  7 11 11 11 11 11 11 15 15 15 15 15 15
 15 15 15  7  7  7  7  7  7  7  7 11  7 11 11 11 11 11 11 15 15 15 15 15
 15 15 15 15 15 15  7  7  7  7  7  7  7  7  7  7  7  7  7  7 11 11 11 11
 11 11 11 11 11  7  7  7  7  7 15 15 11 11 11 15 15 15 15 15 15 15 15 15
 15 15 11 11 11 11  7  7 11 11 11 11 10 10 10 10 10 10 10 10 10 10 10 10
 10 10 10 10 10 10 10 10 10 10 10 10 10 10 10 10 12 12 12 12 12 10 10 10
 12 12 12 12 12 12 12 12 12 12 12 12 10 10 10 12 12 12 12 12  8  8  8  8
  8  8  8  8  8  8  8  8  8  8 12  8  8  8 12 12  8  8 12 12 12 12  8  8
  8  8 12 12  8 12 12  8  8  8  8  8  8  8  8  8  8  8  8  8  8 12 12  8
  8  8  8  8  8  8  8  8  8  8  8  8  8 12 12  8  1  1  1  1  1  6  1  1
  1  1  1  1  6  6  1  1  1  1  1  1  1  1  1  6  6  6  1  1  1  1  1  1
 13 13 13 13 13 13 13  1  1  6  6  6  6  6  6  1  1 13 13 13 13 13 13 13
 13 13 13 13 13 13 16 16  6  6  6  6  6  6  6  6  6  6  1  6 16 13 13 13
 13 13 13 16 16 16 16 16 16 13 13 16 16 16 16 16 16 13 13 13 13 16 16 16
 16 16 16 16 16 16 16 16 16 16 14 14 14 14  2  2  2 14 14 14 14 14 14 14
  4  2  2  2  2  2  2 14 14 14 14  2  2  2  2  2  2  2 14 14 14  2  2  2
  2  2  4  4  4  4  4  4  4  4  4  4  4  4  4  4  4  4  4  4  4  4  4  4
  4  4  4  4  4  4 14 14  2  2  2  2 14 14 14  2  2  2 14 14 14 14 14  2
  2  2 14 14  2 14 17 17 17 17 17 17 17 17 17 17 17 17 17 17 17 17 17 17
 17 17 17  5 17 17 17 17 17 17 17 17 17 17  9  9  9 17 17 17  5  5  5  5
  5 17 17 17  9  9  9  9  9  9  9  0  0 17 17 17 17 17  3  3  3  3  3  3
  3  5  5  5  5  5  5  5  5  5  5  5  3  3 17  9  9  9  9  9  9  3  3  5
  5  5  5  5  5  9  9  9  9  9  9  9  9  0  0  0  3  3  3  3  3  3  0  0
  0  0  0  0  0  3  0  3  3  3  3  3  3  0  0  0  3  5  3  3  3  3  3  0
  0  0  0  0  0  0  0  3  3  0  0  0]
[ 6  6  6  6  6  9  9  9  9  8  8  8  8  4  4  4  4  4  6  6  6  6  6  6
  6  9  9  9  9  9  8  8  8  8  8  8  8  4  4  4  4  4  4  6  6  6  6  6
  6  6  6  9  9  9  9  9  9  9  9  8  8  8  8  8  8  8  8  8  8  8  4  4
  4  4  4  4  4  8  9  9  9  9  9  9  8  8  4  9  9  6  6  6  6  6  6  6
  6  6  8  8  4  8  8  8  4  4  4  4  1  1  1  1  1  1  1  1  1  1  1  1
  1  1  1  1  1  1  1  1  1  1  1  1  1  1  1  1  1  2  2  1  1  1  1  1
  1  1  1  1  1  2  2  1  1  1  1  1  1  1  1  2  2  2  2  2  2  2  2  2
  2  2  2  2  2  2  2  2  2  2  2  2  2  2  2  2  2  2  2  2  2  2  2  2
  2  2  2  2  2  2  2  2  2  2  2  2  2  2  2  2  2  2  2  2  2  2  2  2
  2  2  2  2  2  2  2  2  2  2  2  2  2  2  2  2  0  0  0  0  0  0  0  0
  0  0  0  0  0  0  0  0  0  0  0  0  0  0  0  0  0  0  0  0  0  0  0  0
  7  7  7  7  7  7  7  7  3  3  3  3  3  3  3  3  0  7  7  7  7  7  7  7
  7  7  7  7  7  7  3  3  3  3  3  3  3  3  3  3  3  3  7  3  3  7  7  7
  7  7  7  7  7  3  3  3  3  7  7  7  7  3  3  3  3  7  7  7  7  7  3  3
  3  3  3  3  3  3  3  7  3  7 10 10 10 10 10  5  5 10 10 10 10 10 10 10
  5 10  5  5  5  5  5 10 10 10 10  5  5  5  5  5  5 10 10 10 10 10  5  5
  5 10  5  5  5  5  5  5  5  5  5  5  5  5  5  5  5  5  5  5  5  5  5  5
  5  5  5  5  5  5 10 10 10 10 10 10 10 10 10 10 10 10 10 10 10 10 10 10
 10 10 10 10 10 10 11 11 11 11 11 11 13 13 13 11 11 11 11 11 13 13 13 11
 11 11 13 13 13 13 11 11 13 13 11 11 13 13 11 11 11 11 13 13 13 13 13 13
 13 13 12 11 11 11 11 11 11 11 11 11 12 11 12 12 11 12 12 12 12 13 13 12
 13 13 13 13 13 13 13 13 13 13 13 13 13 13 11 11 11 11 11 11 11 13 13 13
 13 13 13 13 13 11 11 11 11 11 11 11 11 12 12 12 12 12 13 13 12 12 12 12
 12 12 12 12 12 12 12 12 12 12 13 12 12 12 12 12 12 13 13 12 12 12 12 12
 12 12 12 12 12 12 12 12 12 12 12 12]
[2 2 2 2 2 2 2 2 2 2 2 2 2 2 2 2 2 2 2 2 2 2 2 2 2 2 2 2 2 2 2 2 2 2 2 2 2
 2 2 2 2 2 2 2 2 2 2 2 2 2 2 2 2 2 2 2 2 2 2 2 2 2 2 2 2 2 2 2 2 2 2 2 2 2
 2 2 2 2 2 2 2 2 2 2 2 2 2 2 2 2 2 2 2 2 2 2 2 2 2 2 2 2 2 2 2 2 2 2 2 2 2
 2 2 2 2 2 2 2 2 2 2 2 2 2 2 2 2 2 2 2 2 2 2 2 2 2 2 2 2 2 2 2 2 2 2 2 2 2
 2 2 2 2 2 2 2 2 2 2 2 2 2 2 2 2 2 2 2 2 2 2 2 2 2 2 2 2 2 2 2 2 2 2 2 2 2
 2 2 2 2 2 2 2 2 2 2 2 2 2 2 2 2 2 2 2 2 2 2 2 2 2 2 2 2 2 2 2 2 2 2 2 2 2
 2 2 2 2 2 2 2 2 2 2 1 1 1 1 1 1 1 1 1 1 1 1 1 1 1 1 1 1 1 1 1 1 1 1 1 1 1
 1 1 1 1 1 1 1 1 1 1 1 1 1 1 1 1 1 1 1 1 1 1 1 1 1 1 1 1 1 1 1 1 1 1 1 1 1
 1 1 1 1 1 1 1 1 1 1 1 1 1 1 1 1 1 1 1 1 1 1 1 1 1 1 1 1 1 1 1 1 1 1 1 1 1
 1 1 1 1 1 1 1 1 1 1 1 1 1 0 0 0 0 0 0 0 0 0 0 0 0 0 0 0 0 0 0 0 0 0 0 0 0
 0 0 0 0 0 0 0 0 0 0 0 0 0 0 0 0 0 0 0 0 0 0 0 0 0 0 0 0 0 0 0 0 0 0 0 0 0
 0 0 0 0 0 0 0 0 0 0 0 0 0 0 0 0 0 0 0 0 0 0 0 0 0 0 0 0 0 0 0 3 3 3 3 3 3
 3 3 3 3 3 3 3 3 3 3 3 3 3 3 3 3 3 3 3 3 3 3 3 3 3 3 0 3 3 3 3 3 3 3 3 3 3
 3 3 3 3 3 3 0 3 3 3 3 3 3 3 3 3 3 3 3 3 3 3 3 3 3 3 3 3 3 3 3 3 3 3 3 3 3
 3 3 3 3 3 3 3 3 3 3 3 3 3 3 3 0 3 0 3 3 3 3 3 3 3 3 3 3 3 3 3 3 3 3 3 3 3
 3 3 3 3 3 3 3 3 3 3 3 3 3 3 3 3 3 3 3 3 3 3 3 3 3 3 3 3 3 3 3 3 3]
[ 4  4  4  4  2  2  2  2 11 11 11  3  3  3  8  8  8  8  4  4  4  4  4  4
  2  2  2  2 11 11 11 11 11  3  3  3  3  3  3  8  8  8  8  4  4  4  4  4
  4  4  2  2  2  2  2  2  2 11 11 11 11 11  3  3 11 11  3  3  3  3  3  3
  8  8  8  8  8 11 11 11 11  2  2  2  3  3  3  2  2  2  4  4  4  4  4  4
  4  4  3  3  3  3 11  3  8  8  8  8 16 16 16 16 16 16 16 16 16 16 16 16
 16 16 16 16 16 16 16 16 16 16 16 16  7  7  7  7  7  7  7  7  7  7  7  7
  7  7  7  7  7  7  7  7  7  7  7  7  7  7  7 12 12 12 12 12 12 12 12 12
 12 12 12 12 12 12 12 12 12 12 12 12 12 12 12 12 12 12 12 12 12 12 12 12
 12 12 12 12 12 12 12 12 12 12 12 12 12 12 12 12 12 12 12 12 12 12 12 12
 12 12 12 12 12 12 12 12 12 12 12 12 12 12 12 12 17 17 17 17 17 17 17 17
 17 17 17 17 17 17 17 17 17 17 17 17 17 17 17 17 14 17 17 17 17 17 17 17
 10 10 10 10 10 10 10 10 14 14 14 14 14 14 14 14 17 10 10 10 10 10 10 10
 10 10 10 10 10 10  9  9 14 14 14 14 14 14 14 14 14 14 10 14 14 10 10 10
 10 10 10  9  9  9  9  9  9 10 10  9  9  9  9  9  9 10 10 10 10  9  9  9
  9  9  9  9  9  9  9  9  9  9  0  0  0  0 19 19 19  0  0  0  0  0  0  0
 18 19 19 19 19 19 19  0  0  0  0 19 19 19 19 19 19 19  0  0  0 19 19 19
 19 19 18 18 18 18 18 18 18 18 18 18 18 18 18 18 18 18 18 18 18 18 18 18
 18 18 18 18 18 18  0  0 19 19 19 19  0  0  0 19 19 19  0  0  0  0  0 19
 19 19  0  0 19  0  5  5  5  5  5 13 13 13 13 13 13 13  5 13 13 13 13 13
 13 13 13 13 13 13 13 13 13 13 13 13 13 13  1  1  5  5  5 13  6  6  6  6
  6 13  5  5  5  1  1  1  1  1  1  5  5  5  5  5  5  5  5  5  5  6  5 15
  6  6  6  6  6  6  6  6  6  6  6  6  6  5  5  1  1  1  1  1  5  5 13  6
  6  6  6  6  6  1  1  1  1  1  1  1  1  1 15 15 15 15  6  6 15 15 15  1
 15 15 15 15 15 15 15 15 15  6  6 15 15 15 15 15 15  6  6  6 15 15 15 15
 15  1 15 15 15 15 15 15 15 15 15 15]
[12 12 12 12 12 12  3  3  3  3  4  4  4  4  6  6  6  6 12 12 12 12 12 12
 12 12  3  3  3  3  3  3  4  4  4  4  4  4  6  6  6  6  6 12 12 12 12 12
 12 12 12 12 12  3  3  3  3  3  3  3  4  4  4  4  4  3  4  4  4  4  4  6
  6  6  6  6  6  3  3  3  3  3  3  3  4  4  6 12 12 12 12 12 12 12 12 12
 12 12  4  4  6  4  4  4  6  6  6  6  1  1  1  1  1  1  1  1  1  1  1  1
  1  1  1  1  1  1  1  1  1  1  1  1  1  1  1  1  1  0  0  1  1  1  1  1
  1  1  1  1  1  0  0  1  1  1  1  1  1  1  1  0  0  0  0  0  0  0  0  0
  0  0  0  0  0  0  0  0  0  0  0  0  0  0  0  0  0  0  0  0  0  0  0  0
  0  0  0  0  0  0  0  0  0  0  0  0  0  0  0  0  0  0  0  0  0  0  0  0
  0  0  0  0  0  0  0  0  0  0  0  0  0  0  0  0 11 11 11 11 11 11 11 11
 11 11 11 11 11 11 11 11 11 11 11 11 11 11 11 11 11 11 11 11 11 11 11 11
  9  9  9  9  9  9  9  9  5  5  5  5  5  5  5  5 11  9  9  9  9  9  9  9
  9  9  9  9  9  9  5  5  5  5  5  5  5  5  5  5  5  5  9  5  5  9  9  9
  9  9  9  9  9  5  5  5  5  9  9  9  9  5  5  5  5  9  9  9  9  9  5  5
  5  5  5  5  5  5  5  9  5  9  7  7  7  7  7  7  7  7  7  7  7  7  7  7
  7  7  7  7  7  7  7  7  7  7  7  7  7  7  7  7  7  7  7  7  7  7  7  7
  7  7  7  7  7  7  7  7  7  7  7  7  7  7  7  7  7  7  7  7  7  7  7  7
  7  7  7  7  7  7  7  7  7  7  7  7  7  7  7  7  7  7  7  7  7  7  7  7
  7  7  7  7  7  7 10 10 10 10 10 10 10 10 10 10 10 10 10 10 10 10 10 10
 10 10 10 10 10 10 10 10 10 10 10 10 10 10  2  2  2 10 10  8  8  8  8  8
  8 10 10 10  2  2  2  2  2  2  2  2  2  2 10 10 10 10  2 10 10  8  8  8
  8  8  8  8  8  8  8  8  8  8  8  8  8  8 10  2  2  2  2  2  2 10  8  8
  8  8  8  8  8  2  2  2  2  2  2  2  2  2  2  2  8  8  8  8  8  2  2  2
  2  2  2  2  2  2  2  8  8  8  8  8  8  2  2  2  8  8  8  8  8  8  8  2
  2  2  2  2  2  2  2  8  8  2  2  2]
[6 6 6 6 6 6 6 6 6 0 0 0 0 0 0 0 0 0 6 6 6 6 6 6 6 6 6 6 6 6 0 0 0 0 0 0 0
 0 0 0 0 0 0 6 6 6 6 6 6 6 6 6 6 6 6 6 6 6 6 0 0 0 0 0 0 0 0 0 0 0 0 0 0 0
 0 0 0 0 0 6 6 6 6 6 0 0 0 6 6 6 6 6 6 6 6 6 6 6 0 0 0 0 0 0 0 0 0 0 1 1 1
 1 1 1 1 1 1 1 1 1 1 1 1 1 1 1 1 1 1 1 1 1 1 1 1 1 1 7 7 1 1 1 1 1 1 1 1 1
 1 7 7 1 1 1 1 1 1 1 1 7 7 7 7 7 7 7 7 7 7 7 7 7 7 7 7 7 7 7 7 7 7 7 7 7 7
 7 7 7 7 7 7 7 7 7 7 7 7 7 7 7 7 7 7 7 7 7 7 7 7 7 7 7 7 7 7 7 7 7 7 7 7 7
 7 7 7 7 7 7 7 7 7 7 4 4 4 4 4 4 4 4 4 4 4 4 4 4 4 4 4 4 4 4 4 4 4 4 4 4 4
 4 4 4 4 4 4 4 4 4 4 4 4 4 2 2 2 2 2 2 2 2 4 4 4 4 4 4 4 4 4 4 4 4 4 4 2 2
 2 2 2 2 2 2 2 2 2 2 4 2 2 4 4 4 4 2 2 2 2 2 2 2 2 2 2 2 2 2 2 2 2 2 2 2 2
 2 2 2 2 2 2 2 2 2 2 2 2 2 3 3 3 3 3 3 3 3 3 3 3 3 3 3 3 3 3 3 3 3 3 3 3 3
 3 3 3 3 3 3 3 3 3 3 3 3 3 3 3 3 3 3 3 3 3 3 3 3 3 3 3 3 3 3 3 3 3 3 3 3 3
 3 3 3 3 3 3 3 3 3 3 3 3 3 3 3 3 3 3 3 3 3 3 3 3 3 3 3 3 3 3 3 8 8 8 8 8 8
 5 5 5 8 8 8 8 8 5 5 5 8 8 8 5 5 5 5 8 8 5 5 8 8 5 5 8 8 8 8 5 5 5 5 5 5 5
 5 8 8 8 8 8 8 8 8 8 8 8 8 8 8 8 8 8 8 5 5 5 5 5 5 5 5 5 5 5 5 5 5 5 5 5 5
 8 8 8 8 8 8 8 5 5 5 5 5 5 5 5 8 8 8 8 8 8 8 8 8 8 8 5 5 5 5 5 8 8 8 8 8 8
 8 8 8 8 5 5 5 5 5 5 8 8 8 5 5 5 5 5 5 5 8 8 8 8 8 8 8 8 5 5 8 8 8]
[ 4  4  4  4  4  4  4  0  0  0  0  0  8  8  8  8  8  8  4  4  4  4  4  4
  4  4  4  0  0  0  0  0  0  0  0  8  0  8  8  8  8  8  8  4  4  4  4  4
  4  4  4  4  4  4  0  0  0  0  0  0  0  0  0  0  0  0  0  0  8  8  8  8
  8  8  8  8  8  0  0  0  0  0  4  4  8  8  8  4  4  4  4  4  4  4  4  4
  4  4  8  8  8  8  0  0  8  8  8  8 11 11 11 11 11 11 11 11 11 11 11 11
 11 11 11 11 11 11 11 11 11 11 11 11 11 11 11 11 11  2  2 11 11 11 11 11
 11 11 11 11 11  2  2 11 11 11 11 11 11 11 11  2  2  2  2  2  2  2  2  2
  2  2  2  2  2  2  2  2  2  2  2  2  2  2  2  2  2  2  2  2  2  2  2  2
  2  2  2  2  2  2  2  2  2  2  2  2  2  2  2  2  2  2  2  2  2  2  2  2
  2  2  2  2  2  2  2  2  2  2  2  2  2  2  2  2  1  1  1  1  1  1  1  1
  1  1  1  1  1  1  1  1  1  1  1  1  1  1  1  1  1  1  1 12  1  1 12  1
 12 12 12 12 12 12 12 12  1  1  1  1  1  1  1  1  1 12 12 12 12 12 12 12
 12 12 12 12 12 12  7  7  1  1  1  1  1  1  1  1  1  1 12  1  7 12 12 12
 12 12 12  7  7  7  7  7  7 12 12  7  7  7  7  7  7 12 12 12 12  7  7  7
  7  7  7  7  7  7  7  7  7  7  6  6  6  6 10 10 10  6  6  6  6  6 10  6
 10 10 10 10 10 10 10  6  6  6  6 10 10 10 10 10 10 10  6  6  6  6 10 10
 10 10 10 10 10 10 10 10 10 10 10 10 10 10 10 10 10 10 10 10 10 10 10 10
 10 10 10 10 10 10  6  6  6 10  6  6  6  6  6  6  6  6  6  6  6  6  6  6
  6  6  6  6  6  6  5  5  5  5  5  5  5  5  5  5  5  5  5  5  5  5  5  5
  5  5  9  9  5  5  5  5  9  5  5  5  5  5  6  5  5  5  5  9  9  9  9  9
  9  9  5  5  5  5  5  6  5  5  5  5  5  5  5  5  5  5  3  3  3  9  3  3
  9  9  9  9  9  9  9  9  9  9  9  9  3  3  5  6  5  5  5  6  5  3  9  9
  9  9  9  9  9  6  5  6  6  5  5  5  5  3  3  3  3  3  9  9  3  3  3  3
  3  3  3  3  3  3  3  3  3  3  9  3  3  3  3  3  3  9  9  9  3  3  3  3
  3  3  3  3  3  3  3  3  3  3  3  3]
[ 6  6  6  6  6 10 10 10 10  1  1  1 11 11 11 12 12 12  6  6  6  6  6  6
  6 10 10 10 10  1  1  1  1  1  1 11  1 11 11 11 12 12 12  6  6  6  6  6
  6  6  6 10 10 10 10 10 10 10  1  1  1  1  1  1  1  1  1  1 11 11 11 11
 11 12 12 12 12  1  1 10 10 10 10 10 11 11 11 10 10  6  6  6  6  6  6  6
  6  6 11 11 11 11  1  1 11 12 12 12  8  8  8  8  8  8  8  8  8  8  8  8
  8  8  8  8  8  8  8  8  8  8  8  8  2  2  2  2  2  2  2  2  2  2  2  2
  2  2  2  2  2  2  2  2  2  2  2  2  2  2  2  4  4  4  4  4  4  4  4  4
  4  4  4  4  4  4  4  4  4  4  4  4  4  4  4  4  4  4  4  4  4  4  4  4
  4  4  4  4  4  4  4  4  4  4  4  4  4  4  4  4  4  4  4  4  4  4  4  4
  4  4  4  4  4  4  4  4  4  4  4  4  4  4  4  4  5  5  5  5  5  0  5  5
  5  5  5  5  5  5  5  5  5  5  5  5  5  5  5  0  0  5  5  5  5  5  5  5
 15 15 15 15 15 15 15  5  5  0  0  0  0  0  0  0  5 15 15 15 15 15 15 15
 15 15 15 15 15 15 13 13  0  0  0  0  0  0  0  0  0  0 15  0  0 15 15 15
 15 15 15 13 13 13 13 13 13 15 13 13 13 13 13 13 13 13 15 13 13 13 13 13
 13 13 13 13 13 13 13 13 13 13 13  7  7  7  7  7  7  7  7  7  7  7  7  7
  7  7  7  7  7  7  7  7  7  7  7  7  7  7  7  7  7  7  7  7  7  7  7  7
  7  7  7  7  7  7  7  7  7  7  7  7  7  7  7  7  7  7  7  7  7  7  7  7
  7  7  7  7  7  7  7  7  7  7  7  7  7  7  7  7  7  7  7  7  7  7  7  7
  7  7  7  7  7  7 16 16 16 16 16 16 16 16 16 16 16 16 16 16 16 16 16 16
 16 16 16 16 16 16 16 16 16 16 16 16 16 16 14 14 14 16 16 16  3  3  3  3
  3 16 16 16 14 14 14 14 14 14 14 14  9 16 16 16 16 16  9  9  9  3  9  9
  3  3  3  3  3  3  3  3  3  3  3  3  9  9 16 14 14 14 14 14 14 16 16  3
  3  3  3  3  3 14 14 14 14 14 14 14 14 14  9  9  9  9  3  3  9  9  9 14
  9  9  9  9  9  9  9  9  9  9  3  9  9  9  9  9  9  3  3  3  9  9  9  9
  9 14  9  9  9  9  9  9  9  9  9  9]
[ 6  6  6  6  6  6  6  6  6  2  2  2  2  2  2  2  2  2  6  6  6  6  6  6
  6  6  6  6  6  6  2  2  2  2  2  2  2  2  2  2  2  2  2  6  6  6  6  6
  6  6  6  6  6  6  6  6  6  6  6  2  2  2  2  2  2  2  2  2  2  2  2  2
  2  2  2  2  2  2  2  6  6  6  6  6  2  2  2  6  6  6  6  6  6  6  6  6
  6  6  2  2  2  2  2  2  2  2  2  2  5  5  5  5  5  5  5  5  5  5  5  5
  5  5  5  5  5  5  5  5  5  5  5  5  5  5  5  5  5  1  1  5  5  5  5  5
  5  5  5  5  5  1  1  5  5  5  5  5  5  5  5  1  1  1  1  1  1  1  1  1
  1  1  1  1  1  1  1  1  1  1  1  1  1  1  1  1  1  1  1  1  1  1  1  1
  1  1  1  1  1  1  1  1  1  1  1  1  1  1  1  1  1  1  1  1  1  1  1  1
  1  1  1  1  1  1  1  1  1  1  1  1  1  1  1  1  0  0  0  0  0  0  0  0
  0  0  0  0  0  0  0  0  0  0  0  0  0  0  0  0  0  0  0  0  0  0  0  0
  7  7  7  7  7  7  7  7  0  0  0  0  0  0  0  0  0  7  7  7  7  7  7  7
  7  7  7  7  7  7  7  0  0  0  0  0  0  0  0  0  0  0  7  0  0  7  7  7
  7  7  7  7  7  7  7  7  7  7  7  7  7  7  7  7  7  7  7  7  7  7  7  7
  7  7  7  0  0  0  7  7  7  7  4  4  4  4  4  8  8  4  4  4  4  4  4  4
  8  4  8  8  8  8  8  4  4  4  4  8  8  8  8  8  8  4  4  4  4  4  8  8
  8  4  8  8  8  8  8  8  8  8  8  8  8  8  8  8  8  8  8  8  8  8  8  8
  8  8  8  8  8  8  4  4  4  4  4  4  4  4  4  4  4  4  4  4  4  4  4  4
  4  4  4  4  4  4  3  3  3  3  3  3  3 10  3  3  3  3  3  3  3 10  3  3
  3  3 10 10 10  3  3  3 10  3  3  3  3  3  3  3  3  3  3 10 10 10 10 10
 10 10  3  3  3  3  3  3  3  3  3  3  9  3  3  9  3  9  9  9  9 10  9  9
 10 10 10 10 10 10 10 10 10 10 10 10 10  9  3  3  3  3  3  3  3  9 10 10
 10 10 10 10 10  3  3  3  3  3  3  3  3  9  9  9  9  9 10 10  9  9  9  9
  9  9  9  9  9  9  9  9  9  9 10  9  9  9  9  9  9 10 10 10  9  9  9  9
  9  9  9  9  9  9  9  9  9  9  9  9]
[ 5  5  5  5  5  7  7  7  7 16 16 16 16  9  9  9  9  9  5  5  5  5  5  5
  5  7  7  7  7  7 16 16 16 16 16 16 16 16  9  9  9  9  9  5  5  5  5  5
  5  5  5  7  7  7  7  7  7  7  7 16 16 16 16 16 16 16 16 16 16 16 16  9
  9  9  9  9  9 16  7  7  7  7  7  7 16 16  9  7  7  5  5  5  5  5  5  5
  5  5 16 16  9 16 16 16  9  9  9  9 17 17 17 17 17 17 17 17 17 17 17 17
 17 17 17 17 17 17 17 17 17 17 17 17 14 14 14 14 14 14 14 14 14 14 14 14
 14 14 14 14 14 14 14 14 14 14 14 14 14 14 14  1  1  1  1  1  1  1  1  1
  1  1  1  1  1  1  1  1  1  1  1  1  1  1  1  1  1  1  1  1  1  1  1  1
  1  1  1  1  1  1  1  1  1  1  1  1  1  1  1  1  1  1  1  1  1  1  1  1
  1  1  1  1  1  1  1  1  1  1  1  1  1  1  1  1  4  4  4  4  4 11  4  4
  4  4  4  4  4  4  4  4  4  4  4  4  4  4  4  4 11  4  4  4  4  4  4  4
  8  8  8  8  8  8  8  8 10 11 11 11 11 11 11 11  4  8  8  8  8  8  8  8
  8  8  8  8  8  8 10 10 11 11 11 11 11 11 11 11 11 11  8 11 11  8  8  8
  8  8  8 10 10 10 10 10 10  8  8 10 10 10 10 10 10  8  8  8  8 10 10 10
 10 10 10 10 10 10 10 10 10 10 13 13 13 13  6  6  6 13 13 13 13 13  6 13
  6  6  6  6  6  6  6 13 13 13 13  6  6  6  6  6  6  6 13 13 13 13  6  6
  6  6  6  6  6  6  6  6  6  6  6  6  6  6  6  6  6  6  6  6  6  6  6  6
  6  6  6  6  6  6 13 13 13  6 13 13 13 13 13 13 13 13 13 13 13 13 13 13
 13 13 13 13 13 13  2  2  2  2  0  0  0  0  0  0  0  0  2  0  0  0  0  0
  0  0  0  0  0  0  0  0  0  0  0  0  0  0  2  2  2  0  0  0  3  3  3  3
  3  0  0  0  2  2  2  2  2  2  2 15 15 15 15  0  0 15 15 12 12 12 12 12
 12  3  3  3  3  3  3  3  3  3  3  3 12 12  0  2  2  2  2  2 15  0  0  3
  3  3  3  3  3  2  2  2  2  2  2  2  2 15 15 15 12 12 12 12 12 12 15 15
 15 15 15 15 15 12 15 12 12 12 12 12 12 15 15 15 12  3 12 12 12 12 12 12
 15 15 15 15 15 15 12 12 12 12 15 15]
[ 1  1  1  1  1 13 13 13 13  9  9  9  9 10 10 10 10 10  1  1  1  1  1  1
  1 13 13 13 13 13  9  9  9  9  9  9  9 10 10 10 10 10 10  1  1  1  1  1
  1  1  1 13 13 13 13 13 13 13 13  9  9  9  9  9  9  9  9  9  9  9 10 10
 10 10 10 10 10  9 13 13 13 13 13 13  9  9 10 13 13  1  1  1  1  1  1  1
  1  1  9  9 10  9  9  9 10 10 10 10 17 17 17 17 17 17 17 17 17 17 17 17
 17 17 17 17 17 17 17 17 17 17 17 17 12 12 12 12 12 12 12 12 12 12 12 12
 12 12 12 12 12 12 12 12 12 12 12 12 12 12 12 14 14 14 14 14 14 14 14 14
 14 14 14 14 14 14 14 14 14 14 14 14 14 14 14 14 14 14 14 14 14 14 14 14
 14 14 14 14 14 14 14 14 14 14 14 14 14 14 14 14 14 14 14 14 14 14 14 14
 14 14 14 14 14 14 14 14 14 14 14 14 14 14 14 14  2  2  2  5  5  5  2  2
  5  5  5  5  5  5  5  5  2  2  2  2  5  5  5  5  5  5  2  2  2  2  2  2
  7  7  7  7  7  7  7  7 16 16 16 16 16 16 16 16  2  7  7  7  7  7  7  7
  7  7  7  7  7  7 16 16 16 16 16 16 16 16 16 16 16 16  7 16 16  7  7  7
  7  7  7  7  7 16 16 16 16  7  7  7  7 16 16 16 16  7  7  7  7  7 16 16
 16 16 16 16 16 16 16  7 16  7  8  8  8  8 11 11 11  8  8  8  8  8  8  8
 11 11 11 11 11 11 11  8  8  8  8 11 11 11 11 11 11 11  8  8  8 11 11 11
 11 11  3  3  3  3  3  3  3  3  3  3  3  3  3  3  3  3  3  3  3  3  3  3
  3  3  3  3  3  3  8  8 11 11 11 11  8  8  8 11 11 11  8  8  8  8  8 11
 11 11  8  8 11  8  4  4  4  4  4  4  4  4  4  4  4  4  4  4  4  4  4  4
  4  4  4  4  4  4  4  4  4  4  4  4  4  4  6  6  6  4  4  4  0  0  0  0
  0  4  4  4  6  6  6  6  6  6  6  6 15  4  4  4  4  4 15 15 15  0 15 15
  0  0  0  0  0  0  0  0  0  0  0  0 15 15  4  6  6  6  6  6  6  4  4  0
  0  0  0  0  0  6  6  6  6  6  6  6  6  6 15 15 15 15  0  0 15 15 15  6
 15 15 15 15 15 15 15 15 15 15  0 15 15 15 15 15 15  0  0  0 15 15 15 15
 15  6 15 15 15 15 15 15 15 15 15 15]
[12 12 12 12 21 21 21 21 21 15 15 15  8  8  8 11 11 11 12 12 12 12 12 12
 21 21 21 21 21 15 15 15 15 15 15  8 15  8  8  8 11 11 11 12 12 12 12 12
 12 12 21 21 21 21 21 21 21 21 15 15 15 15 15 15 15 15 15 15  8  8  8  8
  8 11 11 11 11 15 15 21 21 21 21 21  8  8  8 21 21 12 12 12 12 12 12 12
 12 12  8  8  8  8 15 15  8 11 11 11 16 16 16 16 16 16 16 16 16 16 16 16
 16 16 16 16 16 16 16 16 16 16 16 16  0  0  0  0  0  0  0  0  0  0  0  0
  0  0  0  0  0  0  0  0  0  0  0  0  0  0  0  6  6  6  6  6  6 18 18 18
 18 18  6  6  6 18 18 18  6  6  6  6 18 18  6  6 18 18  6  6  6  6  6  6
  6  6  6  6  6  6  6  6 18 18 18 18 18 18 18 18 18 18 18 18 18  6  6  6
 18 18 18 18 18 18  6  6 18 18 18 18  6  6  6  6 19 19 19 17 17 17 19 19
 17 17 17 17 17 17 17 17 19 19 19 19 17 17 17 17 17 17 19 19 19 19 19 19
  1  1  1  1  7  7  7  7  7  2  2  2  2  2  2  2  7  7  7  1  1  1  1  1
  1  1  7  7  7  7  7  2  2  2  2  2  2  2  2  2  2  2  7  2  2  1  7  7
  7  7 10 10 10 10 10 10 10 10 10 10 10 10 10 10 10 10 10 10 10 10 10 10
 10  2  2  2  2  2 10 10 10 10 22 22 22 22 23 23 23 22 22 22 22 22 22 22
  3 23 23 23 23 23 23 22 22 22 22 23 23 23 23 23 23 23 22 22 22 23 23 23
 23 23  3  3  3  3  3  3  3  3  3  3  3  3  3  3  3  3  3  3  3  3  3  3
  3  3  3  3  3  3 22 22 23 23 23 23 22 22 22 23 23 23 22 22 22 22 22 23
 23 23 22 22 23 22 20 20 20 20 20 20  5  5  5  5 20 20 20 20  5  5  5  5
 20 20  5  5  5  5  5 20  5  5  5  5  5  5  9  9 20 20  5 14 13 13 13 13
 14 14 20 20 20  9  9  9  9  9  9 20 20 20 20 14 20 20  4 14 14 14 14 14
 14 14 13 13 13 13 13 13 13 13 13 13 14 14 20  9  9  9  9  9 20 14 14 14
 14 13 13 13 13  9  9  9  9  9  9  9  9  4  4  4 14 14 14 14 14  4  4  9
  4  4  4  4  4  4  4  4 14 14 14 14  4  4  4  4 14 13 14 14 14 14  4  4
  4  4  4  4  4  4  4  4  4  4  4  4]
