29 69 145
77 56 129
69 56 39
109 106 51
116 68 59
110 72 0
121 94 26
71 67 85
42 24 85
142 82 69
97 32 40
66 115 145
80 95 98
80 106 145
61 82 36
101 32 42
20 65 70
53 90 105
66 92 41
29 127 108
62 67 53
18 28 2
53 30 12
4 90 116
67 119 26
98 69 132
147 95 17
71 63 47
143 111 36
129 121 63
24 101 108
130 147 70
115 95 88
132 144 119
149 95 20
50 53 17
68 116 135
62 102 109
21 92 116
131 5 26
39 98 85
99 60 112
13 38 140
92 67 145
122 121 36
109 61 24
92 59 91
139 115 47
84 89 79
134 144 13
72 87 64
85 66 131
99 80 81
63 127 109
44 52 100
81 71 37
70 96 6
34 2 6
59 67 12
67 133 1
110 142 40
91 138 9
29 6 80
107 53 19
33 64 111
85 119 33
93 71 105
16 56 111
103 75 27
100 148 96
3 56 116
54 79 101
24 28 110
119 114 144
43 9 87
66 94 6
107 103 80
12 21 91
17 91 147
118 144 147
6 12 133
147 24 22
145 135 91
75 91 24
139 61 8
141 78 71
69 110 41
24 66 106
128 102 58
149 106 97
93 32 144
11 43 54
105 146 43
78 94 36
130 140 117
110 118 60
138 9 34
93 138 42
6 23 139
83 107 5
