123 122 91
64 0 120
132 109 62
93 33 100
57 4 110
98 35 124
136 131 75
143 129 88
132 107 53
98 20 137
100 109 92
108 130 119
138 131 60
93 19 145
119 125 67
133 129 80
115 130 96
146 117 85
98 31 138
115 130 67
133 117 97
113 125 90
60 20 145
93 27 144
114 130 88
138 107 64
143 122 121
147 105 72
127 129 72
140 109 108
57 33 145
112 135 63
115 122 79
108 102 93
124 125 142
113 129 95
79 20 128
104 109 99
60 3 143
100 117 63
111 109 64
112 131 73
120 125 94
125 139 109
103 129 91
126 117 74
137 102 70
57 18 110
144 117 113
116 102 63
124 129 69
143 107 57
100 107 89
93 24 132
101 129 75
146 125 66
139 109 90
127 118 55
98 28 114
115 109 80
134 105 91
123 135 86
126 131 67
108 102 74
133 131 77
79 46 112
98 36 148
93 34 136
108 131 85
144 117 55
116 109 66
116 135 90
64 28 144
119 135 59
129 120 117
148 130 54
124 129 81
100 131 93
128 118 74
133 107 84
145 122 92
60 40 136
128 125 52
115 131 71
81 26 148
140 102 108
141 102 51
146 105 83
106 105 56
119 131 94
79 43 141
119 131 52
139 109 53
111 109 56
140 107 133
143 102 95
137 125 52
98 4 140
60 43 144
136 135 50
114 135 90
100 131 57
114 129 96
102 120 122
147 117 72
60 13 112
126 122 64
57 18 147
110 118 99
141 117 67
145 131 78
124 118 85
101 105 76
120 130 81
93 6 110
139 105 54
127 129 60
60 40 148
110 129 66
120 135 101
130 124 131
57 38 141
149 118 99
133 135 65
127 109 58
144 135 98
142 122 51
136 122 67
64 4 144
137 107 71
137 102 95
147 122 86
127 130 53
134 131 90
143 102 145
98 25 133
100 109 71
98 33 112
133 130 95
108 105 90
93 9 136
121 130 98
98 28 101
93 44 104
139 118 61
120 117 58
127 129 77
57 8 140
136 107 85
57 7 145
93 35 103
136 135 52
110 109 50
57 31 142
141 122 59
141 129 79
79 49 148
121 129 92
126 122 93
112 122 53
132 118 74
100 122 64
79 26 103
137 122 55
110 109 93
110 122 54
79 4 143
79 26 108
57 41 145
137 129 93
113 109 91
81 24 141
133 130 67
142 118 74
111 118 69
147 109 72
79 2 124
113 105 99
136 117 71
100 118 73
98 44 142
127 102 88
128 118 86
126 102 76
98 21 127
100 117 84
145 105 83
98 34 124
149 105 85
136 130 85
101 135 94
93 9 108
144 135 93
98 38 101
113 135 84
143 107 72
134 135 66
120 105 127
123 105 76
141 109 96
