57 17 10
123 146 21
105 141 86
44 62 142
140 105 122
39 65 76
121 100 1
66 95 75
50 143 122
62 76 123
84 52 133
31 39 60
49 29 99
104 106 46
39 34 9
7 36 51
138 56 44
43 16 56
68 90 145
112 102 111
86 44 45
95 81 117
13 116 100
78 55 131
82 62 125
65 50 93
15 44 78
144 122 49
88 52 115
119 94 31
27 0 115
89 145 21
28 26 149
131 75 2
119 100 3
68 120 107
12 42 10
8 6 106
89 80 118
57 76 2
94 89 98
38 57 63
137 85 3
107 19 33
47 66 65
138 149 91
119 138 31
101 109 87
60 42 108
18 27 21
6 22 38
145 80 34
20 114 145
81 86 116
106 132 85
63 76 40
88 84 144
133 137 94
46 23 37
5 110 112
75 73 43
104 130 88
14 101 146
15 133 100
12 38 59
63 132 13
70 118 16
97 138 144
125 144 37
33 44 78
111 119 15
135 91 48
123 51 62
74 91 64
79 94 100
31 110 116
44 47 71
106 33 22
106 111 59
98 65 26
129 140 4
124 107 67
99 109 48
19 26 119
4 32 106
109 107 8
38 115 116
37 69 124
81 28 17
29 11 137
134 30 6
29 149 145
25 32 109
148 51 84
55 58 148
19 28 45
30 25 16
14 13 144
6 121 144
135 136 119
