149 121 45
12 121 105
29 31 139
105 135 133
104 28 13
145 83 63
2 1 141
2 93 111
7 28 85
120 69 80
87 68 46
133 132 78
68 134 37
114 112 11
70 54 8
46 62 75
10 43 105
100 44 9
138 5 0
77 110 32
132 110 52
36 6 87
12 37 128
53 50 131
137 145 86
125 114 41
65 120 102
129 85 23
54 1 35
113 116 99
111 138 3
83 132 136
60 97 51
64 61 9
47 32 88
143 19 8
56 115 107
36 7 141
16 18 17
95 67 113
7 67 134
4 27 22
57 85 52
1 36 104
72 96 48
111 128 74
143 128 40
74 114 7
4 49 76
107 54 23
68 149 109
76 101 5
82 30 45
78 61 54
110 108 78
2 8 51
19 7 9
140 20 30
128 18 46
149 133 145
96 4 14
41 58 139
119 56 18
68 65 34
78 147 131
130 72 46
117 120 20
149 77 29
32 6 99
113 81 42
127 137 4
14 87 73
24 40 14
51 121 113
115 91 82
110 51 28
121 138 125
107 90 40
94 97 108
55 82 19
132 124 48
72 143 144
28 63 138
104 27 41
9 95 143
110 105 82
113 95 6
83 62 131
136 125 119
131 127 41
131 7 40
116 134 5
90 104 19
118 120 137
69 7 21
5 1 62
52 144 1
27 79 81
125 51 84
106 101 97
