137 57 18
101 145 57
94 74 10
113 145 14
72 75 114
4 110 129
23 65 112
5 90 104
101 100 23
139 112 88
69 123 20
72 94 8
65 94 129
45 66 68
52 93 123
4 97 124
49 94 148
17 133 146
117 51 28
88 101 26
25 41 103
105 108 69
28 30 100
112 110 121
106 87 65
91 53 109
43 45 145
62 66 128
38 2 114
125 130 65
59 56 9
32 3 129
60 25 135
52 91 12
6 39 61
82 89 95
51 141 118
32 61 123
35 123 116
69 128 112
83 62 117
135 94 8
28 20 122
2 29 26
124 129 41
65 23 22
87 97 134
99 30 27
40 22 119
30 93 88
58 91 21
107 105 53
109 43 40
96 136 5
59 99 28
27 14 147
15 27 23
20 75 70
89 142 116
146 126 18
20 83 139
28 38 41
12 14 106
51 58 23
59 93 4
10 114 128
93 13 145
102 144 96
53 120 135
88 82 36
11 15 82
33 0 83
127 71 57
54 128 30
27 89 70
96 136 13
21 16 94
130 135 48
36 18 47
108 138 81
28 149 124
20 87 122
122 74 99
4 89 50
30 119 134
126 30 6
36 35 145
120 69 28
2 89 130
71 136 120
126 80 22
41 101 147
123 25 35
90 51 121
97 53 48
118 140 116
129 86 49
141 77 42
109 114 29
107 140 16
