114 134 68
148 119 89
38 1 138
133 116 10
111 72 78
81 79 7
120 127 44
81 128 19
27 53 113
17 47 101
61 72 145
41 49 136
116 33 13
61 126 110
17 49 139
62 121 35
84 144 22
57 124 105
114 111 61
38 7 139
80 85 25
14 63 103
76 126 111
136 23 40
95 64 47
118 136 33
66 111 116
27 97 147
31 6 117
85 143 44
88 85 28
140 76 59
122 147 13
85 74 101
105 72 14
146 43 1
15 10 122
68 99 11
12 75 132
55 75 108
34 23 149
118 125 83
82 126 121
37 8 62
133 127 14
100 109 41
97 145 43
63 27 12
43 69 124
66 126 4
103 106 65
80 18 2
140 84 46
20 71 90
2 34 115
15 62 124
91 79 120
36 133 119
84 73 32
86 71 44
137 70 1
94 50 21
7 73 138
7 110 111
134 78 61
41 138 111
33 57 51
5 6 102
42 16 68
119 89 24
72 63 105
126 130 90
117 20 40
112 56 20
65 62 107
106 23 19
51 21 28
52 59 9
20 15 120
88 119 9
137 120 77
72 81 10
10 17 7
17 145 125
122 76 23
23 42 148
24 79 104
14 91 118
139 119 84
92 97 8
3 115 120
110 95 10
110 55 68
124 116 92
6 71 132
65 74 39
148 118 96
10 78 131
64 63 42
63 24 12
