ARI: 0.7102512073104921
minSplit: 0
Partition: 
[ 9  9  9  9  9  9  9  9  9  9  9  9  9  9  9  9  9  9  9  9  9  9  9  9
  9  9  9  9  9  9  9  9  9  9  9  9  9  9  9  9  9  9  9  9  9  9  9  9
  9  9  9  9  9  9  9  9  9  9  9  9  9  9  9  9  9  9  9  9  9  9  9  9
  9  9  9  9  9  9  9  9  9  9  9  9  9  9  9  9  9  9  9  9  9  9  9  9
  9  9  9  9  9  9  9  9  9  9  9  9 12 12 12 12 12 12 12 12 12 12 12 12
 12 12 12 12 12 12 12 12 12 12 12 12  8  8  8  8  8  7  7  8  8  8  8  8
  8  8  8  8  8  7  7  8  8  8  8  8  8  8  8  6  6  6  6  6  6  6  6  6
  6  6  6  6  6  6  6  6  6  6  6  6  6  6  6  6  6  6  6  6  6  6  6  6
  6  6  6  6  6  6  6  6  6  6  6  6  6  6  6  6  6  6  6  6  6  6  6  6
  6  6  6  6  6  6  6  6  6  6  6  6  6  6  6  6  0  0  0  0  0  0  0  0
  0  0  0  0  0  0  0  0  0  0  0  0  0  0  0  0  0  0  0  0  0  0  0  0
 10 10 10 10 10 10 10 10  3  3  3  3  3  3  3  3  0 10 10 10 10 10 10 10
 10 10 10 10 10 10  3  3  3  3  3  3  3  3  3  3  3  3 10  3  3 10 10 10
 10  5  5  5  5  3  3  3  3  5  5  5  5  3  3  3  3  5  5  5  5  5  3  3
  3  3  3  3  3  3  3  5  3  5  4  4  4  4  2  2  2  4  4  4  4  4  4  4
  2  2  2  2  2  2  2  4  4  4  4  2  2  2  2  2  2  2  4  4  4  2  2  2
  2  2  2  2  2  2  2  2  2  2  2  2  2  2  2  2  2  2  2  2  2  2  2  2
  2  2  2  2  2  2  4  4  2  2  2  2  4  4  4  2  2  2  4  4  4  4  4  2
  2  2  4  4  2  4  1  1  1  1  1  1  1  1  1  1  1  1  1  1  1  1  1  1
  1  1  1  1  1  1  1  1  1  1  1  1  1  1  1  1  1  1  1  1  1  1  1  1
  1  1  1  1  1  1  1  1  1  1  1  1  1  1  1  1  1  1  1  1 11  1  1  1
  1  1  1  1  1  1  1  1  1  1  1  1  1  1  1  1  1  1  1  1  1  1  1  1
  1  1  1  1  1  1  1  1  1  1  1  1  1  1  1  1  1  1  1  1  1  1  1  1
  1  1  1  1  1  1  1  1  1  1  1  1  1  1  1  1  1  1  1  1  1  1  1  1
  1  1  1  1  1  1  1  1  1  1  1  1]