ARI: 0.6064536555474023
minSplit: 0.26
Partition: 
[ 0  0  0  0  0  0  0  0  0  4  4  4  4  4  4  4  4  4  0  0  0  0  0  0
  0  0  0  0  0  0  4  4  4  4  4  4  4  4  4  4  4  4  4  0  0  0  0  0
  0  0  0  0  0  0  0  0  0  0  0  4  4  4  4  4  4  4  4  4  4  4  4  4
  4  4  4  0  4  4  0  0  0  0  0  0  4  4  4  0  0  0  0  0  0  0  0  0
  0  0  4  4  4  4  4  4  4  4  4  4 11 11 11 11 11 11 11 11 11 11 11 11
 11 11 11 11 11 11 11 11 11 11 11 11  8  8  8  8  8 10 10  8  8  8  8  8
  8  8  8  8  8 10 10  8  8  8  8  8  8  8  8  6  6  6  6  6  6  6  6  6
  6  6  6  6  6  6  6  6  6  6  6  6  6  6  6  6  6  6  6  6  6  6  6  6
  6  6  6  6  6  6  6  6  6  6  6  6  6  6  6  6  6  6  6  6  6  6  6  6
  6  6  6  6  6  6  6  6  6  6  6  6  6  6  6  6  3  3  3  3  3  3  3  3
  3  3  3  3  3  3  3  3  3  3  3  3  3  3  3  3  3  3  3  3  3  3  3  3
  1  1  1  1  1  1  1  1  5  5  5  5  5  5  5  5  1  1  1  1  1  1  1  1
  1  1  1  1  1  1  1  1  5  5  5  5  5  5  5  5  5  5  1  5  5  1  1  1
  1  1  1  1  1  1  1  1  1  1  1  1  1  1  1  1  1  1  1  1  1  1  1  1
  1  1  1  1  1  1  1  1  1  1 12 12 12 12  9  9  9 12 12 12 12 12 12 12
  9  9  9  9  9  9  9 12 12 12 12  9  9  9  9  9  9  9 12 12 12  9  9  9
  9  9  9  9  9  9  9  9  9  9  9  9  9  9  9  9  9  9  9  9  9  9  9  9
  9  9  9  9  9  9 12 12  9  9  9  9 12 12 12  9  9  9 12 12 12 12 12  9
  9  9 12 12  9 12  2  2  2  2  2  2  2  2  2  2  2  2  2  2  2  2  2  2
  2  2  2  2  2  2  2  2  2  2  2  2  2  2  2  2  2  2  2  2  2  2  2  2
  2  2  2  2  2  2  2  2  2  2  2  2  2  2  2  2  2  2  2  2  2  2  2  2
  2  2  2  2  2  2  2  2  2  2  2  2  2  2  2  2  2  2  2  2  2  2  2  2
  2  2  2  2  2  2  2  2  2  2  2  2  2  2  2  2  2  2  2  2  2  2  2  2
  2  2  2  2  2  2  2  2  7  2  2  2  2  2  2  2  2  2  2  2  2  2  2  2
  2  2  2  2  2  2  2  2  2  2  2  2]