ARI: 0.6004346999926602
minSplit: 0
Partition: 
[ 7  7  7  7  7  7  7  8  8  8  8  8  8  8 12 12 12 12  7  7  7  7  7  7
  7  7  7  8  8  8  8  8  8  8  8  8  8  8 12 12 12 12 12  7  7  7  7  7
  7  7  7  7  7  7  8  8  8  8  8  8  8  8  8  8  8  8  8  8  8  8  8 12
 12 12 12 12 12  8  8  8  8  8  7  7  8  8 12  7  7  7  7  7  7  7  7  7
  7  7  8  8 12  8  8  8 12 12 12 12 11 11 11 11 11 11 11 11 11 11 11 11
 11 11 11 11 11 11 11 11 11 11 11 11  1  1  1  1  1  1  1  1  1  1  1  1
  1  1  1  1  1  1  1  1  1  1  1  1  1  1  1  6  6  6  6  6  6  6  6  6
  6  6  6  6  6  6  6  6  6  6  6  6  6  6  6  6  6  6  6  6  6  6  6  6
  6  6  6  6  6  6  6  6  6  6  6  6  6  6  6  6  6  6  6  6  6  6  6  6
  6  6  6  6  6  6  6  6  6  6  6  6  6  6  6  6  4  4  4  4  4  4  4  4
  4  4  4  4  4  4  4  4  4  4  4  4  4  4  4  4  4  4  4  4  4  4  9  4
  9  9  9  9  9  9  9  9  3  3  3  3  3  3  3  3  4  9  9  9  9  9  9  9
  9  9  9  9  9  9  3  3  3  3  3  3  3  3  3  3  3  3  9  3  3  9  9  9
  9  3  3  3  3  3  3  3  3  3  3  3  3  3  3  3  3  3  3  3  3  3  3  3
  3  3  3  3  3  3  3  3  3  3  2  2  2  2  2  2  2  2  2  2  2  2  2  2
  2  2  2  2  2  2  2  2  2  2  2  2  2  2  2  2  2  2  2  2  2  2  2  2
  2  2  5  5  5  5  5  5  5  5  5  5  5  5  5  5  5  5  5  5  5  5  5  5
  5  5  5  5  5  5  2  2  2  2  2  2  2  2  2  2  2  2  2  2  2  2  2  2
  2  2  2  2  2  2  0  0  0  0  0  0  0  0  0  0  0  0  0  0  0  0  0  0
  0  0  0  0  0  0  0  0  0  0  0  0  0  0  0  0  0  0  0  0 10 10 10 10
 10  0  0  0  0  0  0  0  0  0  0  0  0  0  0  0  0  0  0  0  0 10  0  0
 10 10 10 10 10 10 10 10 10 10 10 10  0  0  0  0  0  0  0  0  0  0  0 10
 10 10 10 10 10  0  0  0  0  0  0  0  0  0  0  0  0  0 10 10  0  0  0  0
  0  0  0  0  0  0  0  0  0  0 10  0  0  0  0  0  0 10 10 10  0  0  0  0
  0  0  0  0  0  0  0  0  0  0  0  0]