ARI: 0.6186626315735356
minSplit: 0.21999999999999997
Partition: 
[ 2  2  2  2  2  2  2  2  2  3  3  3  3  3  3  3  3  3  2  2  2  2  2  2
  2  2  2  2  2  2  3  3  3  3  3  3  3  3  3  3  3  3  3  2  2  2  2  2
  2  2  2  2  2  2  2  2  2  2  2  3  3  3  3  3  3  3  3  3  3  3  3  3
  3  3  3  3  3  3  2  2  2  2  2  2  3  3  3  2  2  2  2  2  2  2  2  2
  2  2  3  3  3  3  3  3  3  3  3  3 12 12 12 12 12 12 12 12 12 12 12 12
 12 12 12 12 12 12 12 12 12 12 12 12  6  6  6  6  6  7  7  6  6  6  6  6
  6  6  6  6  6  7  7  6  6  6  6  6  6  6  6  9  9  9  9  9  9  9  9  9
  9  9  9  9  9  9  9  9  9  9  9  9  9  9  9  9  9  9  9  9  9  9  9  9
  9  9  9  9  9  9  9  9  9  9  9  9  9  9  9  9  9  9  9  9  9  9  9  9
  9  9  9  9  9  9  9  9  9  9  9  9  9  9  9  9 10 10 10 10 10 10 10 10
 10 10 10 10 10 10 10 10 10 10 10 10 10 10 10 10 10 10 10 10 10 10 11 10
  1  1  1  1  1  1  1  1  1  1  1  1  1  1  1  1 10  1  1  1  1  1  1  1
  1  1  1  1  1  1  1  1  1  1  1  1  1  1  1  1  1  1  1  1  1  1  1  1
  1  1  1  1  1  1  1  1  1  1  1  1  1  1  1  1  1  1  1  1  1  1  1  1
  1  1  1  1  1  1  1  1  1  1  8  8  8  8  8  8  8  8  8  8  8  8  8  8
  8  8  8  8  8  8  8  8  8  8  8  8  8  8  8  8  8  8  8  8  8  8  8  8
  8  8  8  8  8  8  8  8  8  8  8  8  8  8  8  8  8  8  8  8  8  8  8  8
  8  8  8  8  8  8  8  8  8  8  8  8  8  8  8  8  8  8  8  8  8  8  8  8
  8  8  8  8  8  8  5  5  5  5  5  5  0  0  0  5  5  5  5  5  0  0  0  5
  5  5  0  0  0  0  5  5  0  0  5  5  0  0  4  4  4  5  0  0  0  0  0  0
  0  0  0  5  4  4  4  4  4  4  4  4  0  5  0  0  5  0  0  0  0  0  0  0
  0  0  0  0  0  0  0  0  0  0  0  0  0  0  5  4  4  4  4  4  4  0  0  0
  0  0  0  0  0  4  4  4  4  4  4  4  4  4  0  0  0  0  0  0  0  0  0  4
  0  0  0  0  0  0  0  0  0  0  0  0  0  0  0  0  0  0  0  0  0  0  0  0
  0  4  0  0  0  0  0  0  0  0  0  0]