ARI: 0.7510213520388782
minSplit: 0.26
Partition: 
[ 0  0  0  0  0  0  0  0  0  0  0  0  0  0  0  0  0  0  0  0  0  0  0  0
  0  0  0  0  0  0  0  0  0  0  0  0  0  0  0  0  0  0  0  0  0  0  0  0
  0  0  0  0  0  0  0  0  0  0  0  0  0  0  0  0  0  0  0  0  0  0  0  0
  0  0  0  0  0  0  0  0  0  0  0  0  0  0  0  0  0  0  0  0  0  0  0  0
  0  0  0  0  0  0  0  0  0  0  0  0 11 11 11 11 11 11 11 11 11 11 11 11
 11 11 11 11 11 11 11 11 11 11 11 11 12 12 12 12 12  7  7 12 12 12 12 12
 12 12 12 12 12  7  7 12 12 12 12 12 12 12 12  6  6  6  6  6  6  6  6  6
  6  6  6  6  6  6  6  6  6  6  6  6  6  6  6  6  6  6  6  6  6  6  6  6
  6  6  6  6  6  6  6  6  6  6  6  6  6  6  6  6  6  6  6  6  6  6  6  6
  6  6  6  6  6  6  6  6  6  6  6  6  6  6  6  6  1  1  1  1  1  1  1  1
  1  1  1  1  1  1  1  1  1  1  1  1  1  1  1  1  1  1  1  1  1  1  1  1
  4  4  4  4  4  4  4  4 10 10 10 10 10 10 10 10  1  4  4  4  4  4  4  4
  4  4  4  4  4  4 10 10 10 10 10 10 10 10 10 10 10 10  4 10 10  4  4  4
  4  4  4  4  4 10 10 10 10  4  4  4  4 10 10 10 10  4  4  4  4  4 10 10
 10 10 10 10 10 10 10  4 10  4  9  9  9  9  9  9  9  9  9  9  9  9  3  9
  3  9  9  9  9  9  9  9  9  9  9  9  9  9  9  9  9  9  9  9  9  9  9  9
  9  9  3  3  3  3  3  3  3  3  3  3  3  3  3  3  3  3  3  3  3  3  3  3
  3  3  3  3  3  3  9  9  9  9  9  9  9  9  9  9  9  9  9  9  9  9  9  9
  9  9  9  9  9  9  2  2  2  2  2  2  2  2  2  2  2  2  2  2  2  2  2  2
  2  2  2  2  2  2  2  2  2  2  2  2  2  2  8  8  8  2  2  2  5  5  5  5
  5  2  2  2  8  8  8  8  8  8  8  8  2  2  2  2  2  2  2  2  2  5  2  2
  5  5  5  5  5  5  5  5  5  5  5  5  2  2  2  8  8  8  8  8  8  2  2  5
  5  5  5  5  5  8  8  8  8  8  8  8  8  8  2  2  2  2  5  5  2  2  2  8
  2  2  2  2  2  2  2  2  2  2  5  2  2  2  2  2  2  5  5  5  2  2  2  2
  2  8  2  2  2  2  2  2  2  2  2  2]