ARI: 0.7646205247153395
minSplit: 0
Partition: 
[ 8  8  8  8  8  8  8  8  8  8  8  8  8  8  8  8  8  8  8  8  8  8  8  8
  8  8  8  8  8  8  8  8  8  8  8  8  8  8  8  8  8  8  8  8  8  8  8  8
  8  8  8  8  8  8  8  8  8  8  8  8  8  8  8  8  8  8  8  8  8  8  8  8
  8  8  8  8  8  8  8  8  8  8  8  8  8  8  8  8  8  8  8  8  8  8  8  8
  8  8  8  8  8  8  8  8  8  8  8  8 12 12 12 12 12 12 12 12 12 12 12 12
 12 12 12 12 12 12 12 12 12 12 12 12  7  7  7  7  7  5  5  7  7  7  7  7
  7  7  7  7  7  5  5  7  7  7  7  7  7  7  7  6  6  6  6  6  6  6  6  6
  6  6  6  6  6  6  6  6  6  6  6  6  6  6  6  6  6  6  6  6  6  6  6  6
  6  6  6  6  6  6  6  6  6  6  6  6  6  6  6  6  6  6  6  6  6  6  6  6
  6  6  6  6  6  6  6  6  6  6  6  6  6  6  6  6  0  0  0  0  0  0  0  0
  0  0  0  0  0  0  0  0  0  0  0  0  0  0  0  0  0  0  0  0  0  0  0  0
  3  3  3  3  3  3  3  3  3  3  3  3  3  3  3  3  0  3  3  3  3  3  3  3
  3  3  3  3  3  3  3  3  3  3  3  3  3  3  3  3  3  3  3  3  3  3  3  3
  3  3  3  3  3  3  3  3  3  3  3  3  3  3  3  3  3  3  3  3  3  3  3  3
  3  3  3  3  3  3  3  3  3  3  2  2  2  2  9  9  9  2  2  2  2  2 11  2
 10  9  9  9  9  9  9  2  2  2  2  9  9  9  9  9  9  9  2  2  2  9  9  9
  9  9 10 10 10 10 10 10 10 10 10 10 10 10 10 10 10 10 10 10 10 10 10 10
 10 10 10 10 10 10  2  2  9  9  9  9  2  2  2  9  9  9  2  2  2  2  2  9
  9  9  2  2  9  2  4  4  4  4  4  4  1  1  1  4  4  4  4  4  1  1  1  4
  4  4  1  1  1  1  4  4  1  1  4  4  1  1  1  1  1  4  1  1  1  1  1  1
  1  1  1  4  1  1  1  1  1  1  1  1  1  4  1  1  4  1  1  1  1  1  1  1
  1  1  1  1  1  1  1  1  1  1  1  1  1  1  4  1  1  1  1  1  1  1  1  1
  1  1  1  1  1  1  1  1  1  1  1  1  1  1  1  1  1  1  1  1  1  1  1  1
  1  1  1  1  1  1  1  1  1  1  1  1  1  1  1  1  1  1  1  1  1  1  1  1
  1  1  1  1  1  1  1  1  1  1  1  1]