ARI: 0.807517558465651
minSplit: 0
Partition: 
[10 10 10 10 10 10 10 10 10 10 10 10 10 10 10 10 10 10 10 10 10 10 10 10
 10 10 10 10 10 10 10 10 10 10 10 10 10 10 10 10 10 10 10 10 10 10 10 10
 10 10 10 10 10 10 10 10 10 10 10 10 10 10 10 10 10 10 10 10 10 10 10 10
 10 10 10 10 10 10 10 10 10 10 10 10 10 10 10 10 10 10 10 10 10 10 10 10
 10 10 10 10 10 10 10 10 10 10 10 10 11 11 11 11 11 11 11 11 11 11 11 11
 11 11 11 11 11 11 11 11 11 11 11 11  9  9  9  9  9  7  7  9  9  9  9  9
  9  9  9  9  9  7  7  9  9  9  9  9  9  9  9  6  6  6  6  6  6  6  6  6
  6  6  6  6  6  6  6  6  6  6  6  6  6  6  6  6  6  6  6  6  6  6  6  6
  6  6  6  6  6  6  6  6  6  6  6  6  6  6  6  6  6  6  6  6  6  6  6  6
  6  6  6  6  6  6  6  6  6  6  6  6  6  6  6  6  1  1  1  1  1  1  1  1
  1  1  1  1  1  1  1  1  1  1  1  1  1  1  1  1  1  1  1  1  1  1  1  1
  1  1  1  1  1  1  1  1  0  0  0  0  0  0  0  0  1  1  1  1  1  1  1  1
  1  1  1  1  1  1  0  0  0  0  0  0  0  0  0  0  0  0  1  0  0  1  1  1
  1  0  0  0  0  0  0  0  0  0  0  0  0  0  0  0  0  0  0  0  0  0  0  0
  0  0  0  0  0  0  0  0  0  0  3  3  3  3  3  3  3  3  3  3  3  3  8  3
 12  3  3  3  3  3  3  3  3  3  3  3  3  3  3  3  3  3  3  3  3  3  3  3
  3  3 12 12 12 12 12 12 12 12 12 12 12 12 12 12 12 12 12 12 12 12 12 12
 12 12 12 12 12 12  3  3  3  3  3  3  3  3  3  3  3  3  3  3  3  3  3  3
  3  3  3  3  3  3  4  4  4  4  4  4  4  4  4  4  4  4  4  4  4  4  4  4
  4  4  4  4  4  4  4  4  4  4  4  4  4  4  5  5  5  4  4  4  5  5  5  5
  5  4  4  4  5  5  5  5  5  5  5  5  2  4  2  4  4  2  2  2  2  5  2  2
  5  5  5  5  5  5  5  5  5  5  5  5  2  2  4  5  5  5  5  5  5  4  4  5
  5  5  5  5  5  5  5  5  5  5  5  5  5  5  2  2  2  2  5  5  2  2  2  5
  2  2  2  2  2  2  2  2  2  2  5  2  2  2  2  2  2  5  5  5  2  2  2  2
  2  5  2  2  2  2  2  2  2  2  2  2]