x
1 1
2 5
3 5
4 1
5 1
6 1
7 5
8 5
9 5
10 5
11 1
12 5
13 5
14 5
15 1
16 1
17 1
18 1
19 1
20 1
21 1
22 1
23 5
24 1
25 1
26 5
27 1
28 1
29 1
30 5
31 5
32 1
33 1
34 1
35 5
36 5
37 1
38 5
39 5
40 1
41 1
42 5
43 5
44 1
45 1
46 5
47 1
48 5
49 1
50 5
51 4
52 4
53 4
54 3
55 4
56 4
57 4
58 3
59 4
60 3
61 3
62 4
63 3
64 4
65 3
66 4
67 4
68 3
69 4
70 3
71 7
72 3
73 4
74 4
75 4
76 4
77 4
78 4
79 4
80 3
81 3
82 3
83 3
84 3
85 4
86 4
87 4
88 4
89 3
90 3
91 3
92 4
93 4
94 3
95 3
96 3
97 3
98 4
99 3
100 3
101 2
102 7
103 6
104 7
105 2
106 6
107 3
108 6
109 7
110 2
111 7
112 7
113 2
114 7
115 2
116 6
117 7
118 8
119 6
120 4
121 2
122 7
123 6
124 7
125 2
126 6
127 7
128 7
129 2
130 6
131 6
132 8
133 2
134 4
135 4
136 6
137 2
138 7
139 7
140 2
141 2
142 2
143 7
144 2
145 2
146 2
147 7
148 7
149 2
150 7
