x
1 1
2 12
3 12
4 1
5 1
6 1
7 12
8 12
9 12
10 12
11 1
12 12
13 12
14 12
15 1
16 12
17 1
18 1
19 1
20 1
21 1
22 1
23 12
24 1
25 12
26 12
27 1
28 1
29 1
30 12
31 12
32 1
33 1
34 1
35 12
36 12
37 1
38 12
39 12
40 12
41 12
42 5
43 12
44 1
45 1
46 12
47 1
48 12
49 1
50 12
51 4
52 4
53 4
54 3
55 4
56 10
57 4
58 10
59 4
60 3
61 3
62 4
63 3
64 4
65 3
66 4
67 4
68 3
69 10
70 3
71 11
72 3
73 10
74 10
75 4
76 4
77 4
78 11
79 4
80 3
81 3
82 3
83 3
84 10
85 9
86 4
87 4
88 10
89 3
90 3
91 3
92 4
93 4
94 3
95 3
96 3
97 3
98 4
99 3
100 3
101 7
102 11
103 6
104 11
105 7
106 7
107 9
108 6
109 2
110 7
111 11
112 11
113 2
114 11
115 7
116 7
117 2
118 8
119 6
120 10
121 7
122 11
123 6
124 11
125 7
126 2
127 11
128 11
129 11
130 2
131 6
132 8
133 7
134 10
135 10
136 6
137 7
138 2
139 11
140 7
141 7
142 7
143 11
144 7
145 7
146 7
147 11
148 11
149 7
150 11
