x
1 6
2 5
3 5
4 5
5 6
6 6
7 6
8 6
9 5
10 6
11 2
12 6
13 5
14 5
15 2
16 2
17 2
18 6
19 2
20 2
21 6
22 2
23 6
24 6
25 6
26 5
27 6
28 6
29 6
30 5
31 5
32 6
33 2
34 2
35 5
36 5
37 6
38 5
39 5
40 6
41 6
42 5
43 5
44 6
45 2
46 5
47 2
48 5
49 2
50 6
51 8
52 8
53 8
54 10
55 8
56 1
57 12
58 10
59 8
60 1
61 10
62 12
63 10
64 12
65 1
66 8
67 12
68 1
69 1
70 10
71 12
72 1
73 11
74 12
75 8
76 8
77 8
78 8
79 12
80 10
81 10
82 10
83 1
84 11
85 12
86 12
87 8
88 1
89 1
90 1
91 10
92 12
93 1
94 10
95 1
96 1
97 1
98 12
99 10
100 1
101 4
102 11
103 9
104 11
105 4
106 3
107 1
108 9
109 4
110 7
111 4
112 11
113 4
114 11
115 4
116 4
117 11
118 7
119 3
120 11
121 4
122 11
123 3
124 11
125 4
126 9
127 11
128 11
129 4
130 9
131 9
132 7
133 4
134 7
135 11
136 3
137 4
138 11
139 11
140 4
141 4
142 4
143 11
144 4
145 4
146 4
147 11
148 4
149 4
150 11
