354 575 -1
243 112 -1
60 581 -1
34 539 -1
170 386 -1
223 343 -1
408 554 -1
302 366 -1
401 431 -1
323 298 -1
519 283 -1
223 275 -1
521 387 -1
229 125 -1
407 181 -1
79 370 -1
537 207 -1
200 491 -1
271 310 1
421 149 -1
222 331 -1
48 145 -1
276 68 -1
207 71 -1
120 25 -1
113 462 -1
358 182 -1
439 3 -1
575 32 -1
547 232 -1
144 64 -1
236 85 -1
519 451 -1
171 460 -1
493 11 -1
309 380 -1
145 434 -1
97 428 -1
434 442 -1
40 359 -1
17 296 -1
44 13 1
501 109 -1
16 284 -1
490 454 -1
123 390 -1
413 315 -1
529 209 -1
498 427 -1
312 478 -1
