313 506 -1
141 443 -1
395 92 -1
565 453 -1
142 378 -1
528 502 1
363 407 -1
582 351 -1
381 19 -1
573 480 -1
255 569 -1
154 31 -1
558 463 -1
326 514 -1
335 9 -1
296 168 -1
192 97 -1
196 201 1
347 50 -1
269 268 1
401 92 -1
397 33 -1
336 150 -1
312 513 -1
82 460 -1
574 275 -1
127 125 1
321 235 -1
135 24 -1
134 453 -1
536 494 1
485 370 -1
82 174 -1
15 102 1
142 128 -1
136 355 -1
164 438 -1
532 208 -1
135 187 -1
102 229 -1
167 533 -1
231 376 -1
162 407 -1
495 389 -1
411 431 -1
23 81 1
309 412 -1
182 443 -1
418 402 -1
204 497 -1
