154 134 1
83 39 1
81 42 1
448 304 -1
299 49 -1
344 390 -1
126 511 -1
536 513 1
296 382 -1
457 480 -1
63 17 1
197 291 -1
389 559 -1
298 2 -1
580 326 -1
18 577 -1
276 69 -1
90 186 -1
361 448 -1
570 479 -1
434 259 -1
381 4 -1
289 230 -1
428 432 1
112 191 -1
301 89 -1
102 328 -1
354 256 -1
117 213 -1
538 21 -1
292 321 -1
47 293 -1
292 402 -1
311 178 -1
108 225 -1
90 448 -1
436 488 -1
508 288 -1
481 476 1
510 476 1
187 396 -1
352 317 -1
145 6 -1
47 322 -1
379 536 -1
40 300 -1
23 407 -1
367 544 -1
76 252 -1
284 161 -1
