122 430 -1
584 377 -1
360 480 -1
416 436 1
241 352 -1
357 85 -1
512 293 -1
362 438 -1
286 141 -1
48 151 -1
227 437 -1
418 82 -1
271 208 -1
398 81 -1
403 446 -1
267 146 -1
336 79 -1
348 434 -1
318 313 1
471 314 -1
34 11 1
143 338 -1
374 500 -1
303 106 -1
253 353 -1
497 27 -1
120 31 -1
523 364 -1
445 198 -1
491 265 -1
249 518 -1
427 9 -1
525 242 -1
251 585 -1
25 462 -1
228 369 -1
574 310 -1
570 198 -1
166 388 -1
533 249 -1
533 481 1
66 402 -1
337 523 -1
287 267 1
306 247 -1
465 480 -1
456 242 -1
182 64 -1
90 116 -1
337 6 -1
