64 115 -1
134 256 -1
561 511 -1
491 286 -1
202 326 -1
51 109 -1
30 306 -1
202 489 -1
68 211 -1
562 442 -1
85 347 -1
49 493 -1
57 66 1
382 273 -1
256 480 -1
273 141 -1
195 287 -1
182 51 -1
58 31 1
72 170 -1
285 48 -1
339 514 -1
181 477 -1
91 250 -1
85 86 1
543 571 1
582 586 1
374 28 -1
304 270 1
146 302 -1
107 279 -1
30 266 -1
417 541 -1
156 94 -1
122 559 -1
458 230 -1
368 534 -1
439 301 -1
296 50 -1
581 185 -1
103 145 -1
95 475 -1
476 424 -1
292 220 -1
166 198 1
364 416 -1
111 297 -1
462 31 -1
367 66 -1
347 58 -1
