175 221 1
437 515 -1
278 356 -1
5 414 -1
274 501 -1
97 89 1
294 553 -1
570 20 -1
254 479 -1
100 420 -1
142 49 -1
421 401 -1
421 373 -1
215 528 -1
558 515 -1
438 272 -1
321 477 -1
152 527 -1
270 220 -1
284 149 -1
367 512 -1
354 17 -1
306 77 -1
490 45 -1
248 13 -1
584 237 -1
503 512 1
69 245 -1
350 23 -1
435 283 -1
109 537 -1
313 322 1
246 422 -1
172 378 -1
530 353 -1
123 381 -1
230 135 -1
163 446 -1
24 457 -1
424 313 -1
166 521 -1
565 61 -1
47 71 1
205 426 -1
221 76 -1
194 446 -1
397 19 -1
393 260 -1
56 298 -1
279 272 1
