55 229 -1
43 168 -1
471 168 -1
335 153 -1
35 254 -1
2 543 -1
379 512 -1
582 454 -1
480 101 -1
307 131 -1
351 302 -1
421 125 -1
583 491 -1
516 221 -1
395 166 -1
587 524 -1
388 40 -1
232 253 1
255 275 -1
46 460 -1
387 463 -1
393 144 -1
14 500 -1
40 208 -1
10 569 -1
300 493 -1
474 223 -1
469 163 -1
263 525 -1
490 350 -1
438 204 -1
108 501 -1
230 409 -1
138 241 -1
141 348 -1
491 276 -1
449 362 -1
108 107 -1
193 379 -1
328 60 -1
46 395 -1
423 557 -1
347 128 -1
563 161 -1
156 306 -1
143 255 -1
45 527 -1
339 526 -1
273 23 -1
498 17 -1
