273 119 -1
298 357 -1
493 197 -1
311 362 -1
445 380 -1
349 155 -1
71 189 -1
339 267 -1
445 24 -1
381 175 -1
501 345 -1
75 53 1
376 136 -1
126 367 -1
342 45 -1
272 92 -1
260 75 -1
151 303 -1
45 203 -1
120 102 -1
207 318 -1
400 208 -1
171 107 -1
280 234 -1
560 446 -1
347 179 -1
23 43 1
89 552 -1
423 302 -1
46 408 -1
14 204 -1
493 433 -1
192 272 -1
11 563 -1
395 533 -1
531 260 -1
205 124 -1
518 166 -1
464 351 -1
322 576 -1
243 158 -1
501 79 -1
397 583 -1
122 450 -1
224 551 -1
66 342 -1
83 111 -1
457 214 -1
122 336 -1
117 6 -1
