318 16 -1
53 137 -1
114 353 -1
464 492 -1
33 375 -1
158 469 -1
444 209 -1
187 269 -1
188 280 -1
225 434 -1
465 461 1
498 195 -1
431 163 -1
169 235 -1
345 2 -1
436 92 -1
344 578 -1
234 540 -1
340 213 -1
482 443 -1
563 148 -1
483 147 -1
321 507 -1
247 283 -1
405 533 -1
109 321 -1
131 133 -1
242 561 -1
62 565 -1
297 554 -1
8 544 -1
280 550 -1
55 558 -1
34 409 -1
578 439 -1
282 505 -1
537 233 -1
518 6 -1
569 299 -1
547 233 -1
535 556 -1
213 190 1
143 475 -1
275 194 -1
422 167 -1
38 249 -1
17 80 1
118 565 -1
403 244 -1
505 453 -1
