457 384 -1
411 381 -1
348 148 -1
217 29 -1
575 462 -1
558 537 -1
296 370 -1
27 450 -1
245 228 -1
64 273 -1
527 100 -1
440 73 -1
230 525 -1
40 442 -1
553 262 -1
468 263 -1
275 22 -1
102 283 -1
580 349 -1
370 190 -1
536 267 -1
218 127 -1
124 355 -1
408 583 -1
328 231 -1
321 264 -1
127 483 -1
442 175 -1
170 350 -1
397 459 -1
497 503 1
341 374 -1
52 311 -1
96 297 -1
17 26 1
536 312 -1
107 31 1
576 237 -1
417 495 -1
431 576 -1
161 382 -1
463 29 -1
255 238 1
544 351 -1
66 176 -1
258 170 -1
396 89 -1
455 217 -1
556 535 -1
308 180 -1
