ARI: 0.630754104677415
minSplit: 0
Partition: 
[ 7  7  7  7  7  7  7  2  2  2  2  2  2  2  2  2  2  2  7  7  7  7  7  7
  7  7  7  2  2  2  2  2  2  2  2  2  2  2  2  2  2  2  2  7  7  7  7  7
  7  7  7  7  7  7  2  2  2  2  2  2  2  2  2  2  2  2  2  2  2  2  2  2
  2  2  2  2  2  2  2  2  2  2  7  7  2  2  2  7  7  7  7  7  7  7  7  7
  7  7  2  2  2  2  2  2  2  2  2  2 11 11 11 11 11 11 11 11 11 11 11 11
 11 11 11 11 11 11 11 11 11 11 11 11 10 10 10 10 10  8  8 10 10 10 10 10
 10 10 10 10 10  8  8 10 10 10 10 10 10 10 10  6  6  6  6  6  6  6  6  6
  6  6  6  6  6  6  6  6  6  6  6  6  6  6  6  6  6  6  6  6  6  6  6  6
  6  6  6  6  6  6  6  6  6  6  6  6  6  6  6  6  6  6  6  6  6  6  6  6
  6  6  6  6  6  6  6  6  6  6  6  6  6  6  6  6  4  4  4  4  4  4  4  4
  4  4  4  4  4  4  4  4  4  4  4  4  4  4  4  4  4  4  4  4  4  4  9  4
  0  0  0  0  0  0  0  0  0  0  0  0  0  0  0  0  0  0  0  0  0  0  0  0
  0  0  0  0  0  0  0  0  0  0  0  0  0  0  0  0  0  0  0  0  0  0  0  0
  0  0  0  0  0  0  0  0  0  0  0  0  0  0  0  0  0  0  0  0  0  0  0  0
  0  0  0  0  0  0  0  0  0  0 12 12 12 12  1  1  1 12 12 12 12 12 12 12
  1  1  1  1  1  1  1 12 12 12 12  1  1  1  1  1  1  1 12 12 12  1  1  1
  1  1  1  1  1  1  1  1  1  1  1  1  1  1  1  1  1  1  1  1  1  1  1  1
  1  1  1  1  1  1 12 12  1  1  1  1 12 12 12  1  1  1 12 12 12 12 12  1
  1  1 12 12  1 12  5  5  5  5  5  5  3  3  3  5  5  5  5  5  3  3  3  5
  5  5  3  3  3  3  5  5  3  3  5  5  3  3  5  5  5  5  3  3  3  3  3  3
  3  3  3  5  5  5  5  5  5  5  5  5  3  5  5  3  5  5  3  3  3  3  3  3
  3  3  3  3  3  3  3  3  3  3  3  3  3  3  5  5  5  5  5  5  5  3  3  3
  3  3  3  3  3  5  5  5  5  5  5  5  5  5  3  3  3  3  3  3  3  3  3  5
  3  3  3  3  3  3  3  3  3  3  3  3  3  3  3  3  3  3  3  3  3  3  3  3
  3  5  3  3  3  3  3  3  3  3  3  3]