x
1 2
2 8
3 8
4 8
5 2
6 2
7 8
8 8
9 8
10 8
11 2
12 8
13 8
14 8
15 2
16 2
17 2
18 2
19 2
20 2
21 2
22 2
23 8
24 2
25 8
26 8
27 2
28 2
29 2
30 8
31 8
32 2
33 2
34 2
35 8
36 8
37 2
38 8
39 2
40 2
41 2
42 8
43 8
44 2
45 2
46 8
47 2
48 8
49 8
50 8
51 5
52 5
53 5
54 1
55 5
56 5
57 5
58 1
59 5
60 1
61 1
62 5
63 1
64 5
65 1
66 5
67 5
68 1
69 6
70 1
71 6
72 1
73 6
74 5
75 5
76 5
77 5
78 1
79 5
80 1
81 1
82 1
83 1
84 6
85 6
86 5
87 5
88 5
89 1
90 1
91 1
92 5
93 1
94 1
95 1
96 1
97 1
98 5
99 1
100 1
101 4
102 6
103 3
104 4
105 4
106 3
107 6
108 3
109 4
110 7
111 4
112 4
113 4
114 6
115 4
116 4
117 4
118 7
119 3
120 6
121 3
122 6
123 3
124 6
125 4
126 3
127 6
128 6
129 4
130 3
131 3
132 7
133 4
134 6
135 6
136 3
137 4
138 4
139 6
140 4
141 4
142 4
143 6
144 4
145 4
146 4
147 6
148 4
149 4
150 6
