ARI: 0.6913475895157046
minSplit: 0
Partition: 
[ 1  1  1  1  1  1  1 11 11  1  1  1  1  1  1  1  1  1  1  1  1  1  1  1
  1  1  1 11 11 11  1  1  1  1  1  1  1  1  1  1  1  1  1  1  1  1  1  1
  1  1  1  1  1  1 11 11 11 11 11  1  1  1  1  1  1  1  1  1  1  1  1  1
  1  1  1  1  1  1 11 11 11 11  1  1  1  1  1  1  1  1  1  1  1  1  1  1
  1  1  1  1  1  1  1  1  1  1  1  1  5  5  5  5  5  5  5  5  5  5  5  5
  5  5  5  5  5  5  5  5  5  5  5  5 12 12 12 12 12  8  8 12 12 12 12 12
 12 12 12 12 12  8  8 12 12 12 12 12 12 12 12  6  6  6  6  6  6  6  6  6
  6  6  6  6  6  6  6  6  6  6  6  6  6  6  6  6  6  6  6  6  6  6  6  6
  6  6  6  6  6  6  6  6  6  6  6  6  6  6  6  6  6  6  6  6  6  6  6  6
  6  6  6  6  6  6  6  6  6  6  6  6  6  6  6  6  9  9  9  9  9  9  9  9
  9  9  9  9  9  9  9  9  9  9  9  9  9  9  9  9  9  9  9  9  9  9 10  9
  4  4  4  4  4  4  4  4  4  4  4  4  4  4  4  4  9  4  4  4  4  4  4  4
  4  4  4  4  4  4  4  4  4  4  4  4  4  4  4  4  4  4  4  4  4  4  4  4
  4  4  4  4  4  4  4  4  4  4  4  4  4  4  4  4  4  4  4  4  4  4  4  4
  4  4  4  4  4  4  4  4  4  4  3  3  3  3  3  3  3  3  3  3  3  3  3  3
  3  3  3  3  3  3  3  3  3  3  3  3  3  3  3  3  3  3  3  3  3  3  3  3
  3  3  3  3  3  3  3  3  3  3  3  3  3  3  3  3  3  3  3  3  3  3  3  3
  3  3  3  3  3  3  3  3  3  3  3  3  3  3  3  3  3  3  3  3  3  3  3  3
  3  3  3  3  3  3  2  2  2  2  2  2  0  0  0  2  2  2  2  2  0  0  0  2
  2  2  0  0  0  0  2  2  0  0  2  2  0  0  7  0  0  2  0  0  0  0  0  0
  0  0  0  2  0  0  0  7  0  0  0  0  2  2  2  0  2  2  2  2  2  0  2  2
  0  0  0  0  0  0  0  0  0  0  0  0  2  2  2  0  0  0  0  0  0  0  0  0
  0  0  0  0  0  7  0  7  0  0  0  0  0  0  2  2  2  2  0  0  2  2  2  0
  2  2  2  2  2  2  2  2  2  2  0  2  2  2  2  2  2  0  0  0  2  2  2  2
  2  0  2  2  2  2  2  2  2  2  2  2]