-- Anchors details --

H= 50
final number of anchors: 37

Default partition with H clusters: 
[ 0  0  0  0  1  2  3  4  5  6  7  8  9  9 10 10 10 11  0  0  0  0  0  0
  1  2 12 13 14 15  6  6 16  8  8  8  8  9 17 18 19 20 21  0  0  0  0  0
 22  0  1  1  1 23 13 13 13 24 25  6 26 27  8  8 28  6  8  8  8  8  9 17
 18 19 20 20 21  6 25 24 24 13 23 23  8  9 17 29  1  1 30  0  0  0  0  0
 31  0  8  8 10  9  7  8 10 10 21 20 32 32 32 32 32 32 32 32 33 33 32 32
 32 32 32 32 32 32 32 32 32 32 32 32 34 34 34 34 35 36 34 34 34 34 34 34
 34 34 34 34 34 34 36 35 34 34 34 35 34 34 34 37 37 37 37 37 37 37 37 37
 37 37 37 37 37 37 37 37 37 37 37 37 37 37 37 37 37 37 37 37 37 37 37 37
 37 37 37 37 37 37 37 37 37 37 37 37 37 37 37 37 37 37 37 37 37 37 37 37
 37 37 37 37 37 37 37 37 37 37 37 37 37 37 37 37 38 38 38 38 38 38 38 38
 38 38 38 38 38 38 38 38 38 38 38 38 38 38 38 38 38 38 38 38 38 38 38 38
 39 39 39 39 39 39 39 39 39 39 39 39 39 39 39 39 39 39 39 39 39 39 39 39
 39 39 39 39 39 39 39 39 39 39 39 39 39 39 39 39 39 39 39 39 39 39 39 39
 39 40 40 40 40 40 40 41 40 40 40 40 40 40 41 41 41 40 40 40 40 40 41 41
 41 41 41 41 41 41 40 40 40 40 42 42 42 42 42 42 42 42 42 42 42 42 42 42
 42 42 42 42 42 42 42 42 42 42 42 42 43 42 42 42 42 42 42 42 42 42 42 42
 42 42 44 44 44 44 44 44 44 44 44 45 44 44 44 44 44 44 45 45 44 44 44 44
 44 44 44 44 44 44 46 46 46 46 46 46 46 46 46 46 46 46 46 46 46 46 46 46
 46 46 46 46 46 46 47 47 47 47 47 47 47 47 47 47 47 47 47 47 47 47 47 47
 47 47 47 47 47 47 47 47 47 47 47 47 47 47 48 48 48 48 48 48 48 48 48 48
 48 48 48 48 48 48 48 48 48 48 48 48 48 48 48 48 48 48 48 48 48 48 48 48
 48 48 48 48 48 48 48 48 48 48 48 48 48 48 48 48 48 48 48 48 48 48 48 48
 48 48 48 48 48 48 48 48 48 48 48 48 48 49 49 49 49 49 49 49 49 49 49 49
 49 49 49 49 49 49 49 49 49 49 49 49 49 49 49 49 49 49 49 49 49 49 49 49
 49 49 49 49 49 49 49 49 49 49 49 49]
Updated partition (where clusters with only one element have been merged with their closest neighbor): 
[ 0  0  0  0  1  2 12 13 15  6  7  8  9  9 10 10 10 21  0  0  0  0  0  0
  1  2 12 13 24 15  6  6  6  8  8  8  8  9 17 18 19 20 21  0  0  0  0  0
  0  0  1  1  1 23 13 13 13 24 25  6  6 28  8  8 28  6  8  8  8  8  9 17
 18 19 20 20 21  6 25 24 24 13 23 23  8  9 17 23  1  1  0  0  0  0  0  0
  0  0  8  8 10  9  7  8 10 10 21 20 32 32 32 32 32 32 32 32 33 33 32 32
 32 32 32 32 32 32 32 32 32 32 32 32 34 34 34 34 35 36 34 34 34 34 34 34
 34 34 34 34 34 34 36 35 34 34 34 35 34 34 34 37 37 37 37 37 37 37 37 37
 37 37 37 37 37 37 37 37 37 37 37 37 37 37 37 37 37 37 37 37 37 37 37 37
 37 37 37 37 37 37 37 37 37 37 37 37 37 37 37 37 37 37 37 37 37 37 37 37
 37 37 37 37 37 37 37 37 37 37 37 37 37 37 37 37 38 38 38 38 38 38 38 38
 38 38 38 38 38 38 38 38 38 38 38 38 38 38 38 38 38 38 38 38 38 38 38 38
 39 39 39 39 39 39 39 39 39 39 39 39 39 39 39 39 39 39 39 39 39 39 39 39
 39 39 39 39 39 39 39 39 39 39 39 39 39 39 39 39 39 39 39 39 39 39 39 39
 39 40 40 40 40 40 40 41 40 40 40 40 40 40 41 41 41 40 40 40 40 40 41 41
 41 41 41 41 41 41 40 40 40 40 42 42 42 42 42 42 42 42 42 42 42 42 42 42
 42 42 42 42 42 42 42 42 42 42 42 42 42 42 42 42 42 42 42 42 42 42 42 42
 42 42 44 44 44 44 44 44 44 44 44 45 44 44 44 44 44 44 45 45 44 44 44 44
 44 44 44 44 44 44 46 46 46 46 46 46 46 46 46 46 46 46 46 46 46 46 46 46
 46 46 46 46 46 46 47 47 47 47 47 47 47 47 47 47 47 47 47 47 47 47 47 47
 47 47 47 47 47 47 47 47 47 47 47 47 47 47 48 48 48 48 48 48 48 48 48 48
 48 48 48 48 48 48 48 48 48 48 48 48 48 48 48 48 48 48 48 48 48 48 48 48
 48 48 48 48 48 48 48 48 48 48 48 48 48 48 48 48 48 48 48 48 48 48 48 48
 48 48 48 48 48 48 48 48 48 48 48 48 48 49 49 49 49 49 49 49 49 49 49 49
 49 49 49 49 49 49 49 49 49 49 49 49 49 49 49 49 49 49 49 49 49 49 49 49
 49 49 49 49 49 49 49 49 49 49 49 49]
Anchors ID: 
[46, 51, 5, 65, 10, 99, 85, 104, 6, 55, 8, 38, 39, 40, 75, 76, 83, 57, 58, 61, 120, 116, 152, 155, 137, 176, 240, 271, 315, 336, 350, 404, 402, 426, 447, 495, 565, 522, 297, 358]
Anchors position: 
[[0.21549, 0.27946], [0.22222, 0.22559], [0.24242, 0.23232], [0.33333, 0.19192], [0.35017, 0.21886], [0.38047, 0.22222], [0.39731, 0.23906], [0.40067, 0.27609], [0.25926, 0.22222], [0.26599, 0.19192], [0.2963, 0.21212], [0.41751, 0.25589], [0.41751, 0.26936], [0.41751, 0.28956], [0.42424, 0.3165], [0.41077, 0.32997], [0.22896, 0.19865], [0.28956, 0.18855], [0.3064, 0.18855], [0.36364, 0.18519], [0.30303, 0.27609], [0.31313, 0.3064], [0.3064, 0.3468], [0.32997, 0.3569], [0.31987, 0.38047], [0.30976, 0.43098], [0.40741, 0.60606], [0.43771, 0.64983], [0.46128, 0.6936], [0.50168, 0.6532], [0.58923, 0.78788], [0.56229, 0.82155], [0.58586, 0.84512], [0.60943, 0.75758], [0.58249, 0.6229], [0.6229, 0.61953], [0.6633, 0.62626]]

Partition with K clusters: 
[10 10 10 10 10 10 10  3  3  3  3  3  3  3  3  3  3  3 10 10 10 10 10 10
 10 10 10  3  3  3  3  3  3  3  3  3  3  3  3  3  3  3  3 10 10 10 10 10
 10 10 10 10 10 10  3  3  3  3  3  3  3  3  3  3  3  3  3  3  3  3  3  3
  3  3  3  3  3  3  3  3  3  3 10 10  3  3  3 10 10 10 10 10 10 10 10 10
 10 10  3  3  3  3  3  3  3  3  3  3 11 11 11 11 11 11 11 11 11 11 11 11
 11 11 11 11 11 11 11 11 11 11 11 11  9  9  9  9  9  8  8  9  9  9  9  9
  9  9  9  9  9  8  8  9  9  9  9  9  9  9  9  6  6  6  6  6  6  6  6  6
  6  6  6  6  6  6  6  6  6  6  6  6  6  6  6  6  6  6  6  6  6  6  6  6
  6  6  6  6  6  6  6  6  6  6  6  6  6  6  6  6  6  6  6  6  6  6  6  6
  6  6  6  6  6  6  6  6  6  6  6  6  6  6  6  6  0  0  0  0  0  0  0  0
  0  0  0  0  0  0  0  0  0  0  0  0  0  0  0  0  0  0  0  0  0  0  0  0
  0  0  0  0  0  0  0  0  7  7  7  7  7  7  7  7  0  0  0  0  0  0  0  0
  0  0  0  0  0  0  5  5  7  7  7  7  7  7  7  7  7  7  0  7  7  0  0  0
  0  5  5  5  5  5  5  5  5  5  5  5  5  5  5  5  5  5  5  5  5  5  5  5
  5  5  5  5  5  5  5  5  5  5  4  4  4  4  4  4  4  4  4  4  4  4 12  4
  4  4  4  4  4  4  4  4  4  4  4  4  4  4  4  4  4  4  4  4  4  4  4  4
  4  4  4  4  4  4  4  4  4  4  4  4  4  4  4  4  4  4  4  4  4  4  4  4
  4  4  4  4  4  4  4  4  4  4  4  4  4  4  4  4  4  4  4  4  4  4  4  4
  4  4  4  4  4  4  2  2  2  2  2  2  2  2  2  2  2  2  2  2  2  2  2  2
  2  2  2  2  2  2  2  2  2  2  2  2  2  2  1  1  1  2  2  2  2  2  2  2
  2  2  2  2  1  1  1  1  1  1  1  1  2  2  2  2  2  2  2  2  2  2  2  2
  2  2  2  2  2  2  2  2  2  2  2  2  2  2  2  1  1  1  1  1  1  2  2  2
  2  2  2  2  2  1  1  1  1  1  1  1  1  1  2  2  2  2  2  2  2  2  2  1
  2  2  2  2  2  2  2  2  2  2  2  2  2  2  2  2  2  2  2  2  2  2  2  2
  2  1  2  2  2  2  2  2  2  2  2  2]
