150
0.222222    0.625    0.067797    0.2
0.166667    0.416667    0.067797    0.2
0.111111    0.5    0.050847    0.2
0.083333    0.458333    0.084746    0.2
0.194444    0.666667    0.067797    0.2
0.305556    0.791667    0.118644    0.4
0.083333    0.583333    0.067797    0.3
0.194444    0.583333    0.084746    0.2
0.027778    0.375    0.067797    0.2
0.166667    0.458333    0.084746    0.1
0.305556    0.708333    0.084746    0.2
0.138889    0.583333    0.101695    0.2
0.138889    0.416667    0.067797    0.1
0    0.416667    0.016949    0.1
0.416667    0.833333    0.033898    0.2
0.388889    1    0.084746    0.4
0.305556    0.791667    0.050847    0.4
0.222222    0.625    0.067797    0.3
0.388889    0.75    0.118644    0.3
0.222222    0.75    0.084746    0.3
0.305556    0.583333    0.118644    0.2
0.222222    0.708333    0.084746    0.4
0.083333    0.666667    0    0.2
0.222222    0.541667    0.118644    0.5
0.138889    0.583333    0.152542    0.2
0.194444    0.416667    0.101695    0.2
0.194444    0.583333    0.101695    0.4
0.25    0.625    0.084746    0.2
0.25    0.583333    0.067797    0.2
0.111111    0.5    0.101695    0.2
0.138889    0.458333    0.101695    0.2
0.305556    0.583333    0.084746    0.4
0.25    0.875    0.084746    0.1
0.333333    0.916667    0.067797    0.2
0.166667    0.458333    0.084746    0.1
0.194444    0.5    0.033898    0.2
0.333333    0.625    0.050847    0.2
0.166667    0.458333    0.084746    0.1
0.027778    0.416667    0.050847    0.2
0.222222    0.583333    0.084746    0.2
0.194444    0.625    0.050847    0.3
0.055556    0.125    0.050847    0.3
0.027778    0.5    0.050847    0.2
0.194444    0.625    0.101695    0.6
0.222222    0.75    0.152542    0.4
0.138889    0.416667    0.067797    0.3
0.222222    0.75    0.101695    0.2
0.083333    0.5    0.067797    0.2
0.277778    0.708333    0.084746    0.2
0.194444    0.541667    0.067797    0.2
0.75    0.5    0.627119    1.4
0.583333    0.5    0.59322    1.5
0.722222    0.458333    0.661017    1.5
0.333333    0.125    0.508475    1.3
0.611111    0.333333    0.610169    1.5
0.388889    0.333333    0.59322    1.3
0.555556    0.541667    0.627119    1.6
0.166667    0.166667    0.389831    1
0.638889    0.375    0.610169    1.3
0.25    0.291667    0.491525    1.4
0.194444    0    0.423729    1
0.444444    0.416667    0.542373    1.5
0.472222    0.083333    0.508475    1
0.5    0.375    0.627119    1.4
0.361111    0.375    0.440678    1.3
0.666667    0.458333    0.576271    1.4
0.361111    0.416667    0.59322    1.5
0.416667    0.291667    0.525424    1
0.527778    0.083333    0.59322    1.5
0.361111    0.208333    0.491525    1.1
0.444444    0.5    0.644068    1.8
0.5    0.333333    0.508475    1.3
0.555556    0.208333    0.661017    1.5
0.5    0.333333    0.627119    1.2
0.583333    0.375    0.559322    1.3
0.638889    0.416667    0.576271    1.4
0.694444    0.333333    0.644068    1.4
0.666667    0.416667    0.677966    1.7
0.472222    0.375    0.59322    1.5
0.388889    0.25    0.423729    1
0.333333    0.166667    0.474576    1.1
0.333333    0.166667    0.457627    1
0.416667    0.291667    0.491525    1.2
0.472222    0.291667    0.694915    1.6
0.305556    0.416667    0.59322    1.5
0.472222    0.583333    0.59322    1.6
0.666667    0.458333    0.627119    1.5
0.555556    0.125    0.576271    1.3
0.361111    0.416667    0.525424    1.3
0.333333    0.208333    0.508475    1.3
0.333333    0.25    0.576271    1.2
0.5    0.416667    0.610169    1.4
0.416667    0.25    0.508475    1.2
0.194444    0.125    0.389831    1
0.361111    0.291667    0.542373    1.3
0.388889    0.416667    0.542373    1.2
0.388889    0.375    0.542373    1.3
0.527778    0.375    0.559322    1.3
0.222222    0.208333    0.338983    1.1
0.388889    0.333333    0.525424    1.3
0.555556    0.541667    0.847458    2.5
0.416667    0.291667    0.694915    1.9
0.777778    0.416667    0.830508    2.1
0.555556    0.375    0.779661    1.8
0.611111    0.416667    0.813559    2.2
0.916667    0.416667    0.949153    2.1
0.166667    0.208333    0.59322    1.7
0.833333    0.375    0.898305    1.8
0.666667    0.208333    0.813559    1.8
0.805556    0.666667    0.864407    2.5
0.611111    0.5    0.694915    2
0.583333    0.291667    0.728814    1.9
0.694444    0.416667    0.762712    2.1
0.388889    0.208333    0.677966    2
0.416667    0.333333    0.694915    2.4
0.583333    0.5    0.728814    2.3
0.611111    0.416667    0.762712    1.8
0.944444    0.75    0.966102    2.2
0.944444    0.25    1    2.3
0.472222    0.083333    0.677966    1.5
0.722222    0.5    0.79661    2.3
0.361111    0.333333    0.661017    2
0.944444    0.333333    0.966102    2
0.555556    0.291667    0.661017    1.8
0.666667    0.541667    0.79661    2.1
0.805556    0.5    0.847458    1.8
0.527778    0.333333    0.644068    1.8
0.5    0.416667    0.661017    1.8
0.583333    0.333333    0.779661    2.1
0.805556    0.416667    0.813559    1.6
0.861111    0.333333    0.864407    1.9
1    0.75    0.915254    2
0.583333    0.333333    0.779661    2.2
0.555556    0.333333    0.694915    1.5
0.5    0.25    0.779661    1.4
0.944444    0.416667    0.864407    2.3
0.555556    0.583333    0.779661    2.4
0.583333    0.458333    0.762712    1.8
0.472222    0.416667    0.644068    1.8
0.722222    0.458333    0.745763    2.1
0.666667    0.458333    0.779661    2.4
0.722222    0.458333    0.694915    2.3
0.416667    0.291667    0.694915    1.9
0.694444    0.5    0.830508    2.3
0.666667    0.541667    0.79661    2.5
0.666667    0.416667    0.711864    2.3
0.555556    0.208333    0.677966    1.9
0.611111    0.416667    0.711864    2
0.527778    0.583333    0.745763    2.3
0.444444    0.416667    0.694915    1.8
