ARI: 0.7918542295390427
minSplit: 0
Partition: 
[10 10 10 10 10 10 10 10 10 10 10 10 10 10 10 10 10 10 10 10 10 10 10 10
 10 10 10 10 10 10 10 10 10 10 10 10 10 10 10 10 10 10 10 10 10 10 10 10
 10 10 10 10 10 10 10 10 10 10 10 10 10 10 10 10 10 10 10 10 10 10 10 10
 10 10 10 10 10 10 10 10 10 10 10 10 10 10 10 10 10 10 10 10 10 10 10 10
 10 10 10 10 10 10 10 10 10 10 10 10 11 11 11 11 11 11 11 11 11 11 11 11
 11 11 11 11 11 11 11 11 11 11 11 11  0  0  0  0  0  0  0  0  0  0  0  0
  0  0  0  0  0  0  0  0  0  0  0  0  0  0  0  6  6  6  6  6  6  6  6  6
  6  6  6  6  6  6  6  6  6  6  6  6  6  6  6  6  6  6  6  6  6  6  6  6
  6  6  6  6  6  6  6  6  6  6  6  6  6  6  6  6  6  6  6  6  6  6  6  6
  6  6  6  6  6  6  6  6  6  6  6  6  6  6  6  6  8  8  8  8  8  8  8  8
  8  8  8  8  8  8  8  8  8  8  8  8  8  8  8  8  8  8  8  8  8  8  7  8
  3  3  3  3  3  3  3  3  3  3  3  3  3  3  3  3  9  3  3  3  3  3  3  3
  3  3  3  3  3  3  3  3  3  3  3  3  3  3  3  3  3  3  3  3  3  3  3  3
  3  3  3  3  3  3  3  3  3  3  3  3  3  3  3  3  3  3  3  3  3  3  3  3
  3  3  3  3  3  3  3  3  3  3  5  5  5  5  2  2  2  5  5  5  5  5  5  5
  2  2  2  2  2  2  2  5  5  5  5  2  2  2  2  2  2  2  5  5  5  2  2  2
  2  2 12 12 12 12 12 12 12 12 12 12 12 12 12 12 12 12 12 12 12 12 12 12
 12 12 12 12 12 12  5  5  2  2  2  2  5  5  5  2  2  2  5  5  5  5  5  2
  2  2  5  5  2  5  4  4  4  4  4  4  1  1  1  1  4  4  4  4  1  1  1  1
  4  4  1  1  1  1  1  4  1  1  4  4  1  1  1  1  1  4  1  1  1  1  1  1
  1  1  1  4  1  1  1  1  1  1  1  1  4  4  4  1  4  4  4  4  1  1  1  4
  1  1  1  1  1  1  1  1  1  1  1  1  1  1  4  1  1  1  1  1  1  1  1  1
  1  1  1  1  1  1  1  1  1  1  1  1  1  1  4  4  4  4  1  1  4  4  4  1
  4  4  4  4  4  4  4  4  4  4  1  4  4  4  4  4  4  1  1  1  4  4  4  4
  4  1  4  4  4  4  4  4  4  4  4  4]