-- Anchors details --

H= 50
final number of anchors: 18

Default partition with H clusters: 
[ 0  1  1  1  1  1  1  1  1  1  1  1  1  1  1  1  1  1  1  1  1  2  1  1
  1  1  1  1  1  1  1  1  1  1  1  1  1  1  1  1  1  1  1  1  1  1  1  1
  1  1  1  1  1  1  1  3  1  1  1  1  1  4  1  1  1  1  1  1  1  1  5  1
  1  1  1  1  1  1  1  1  1  1  1  1  6  1  1  1  1  1  1  1  1  1  1  1
  1  7  1  1  1  8  9 10 11 12 13 14 15 16 17 17 18  1  1  1  1  1  1  1
  1  1  1  1  1  1  1 19 19 20 21 22  1  1  1  1  1  1  1  1  1  1  1  1
  1  1  1  1  1  1  1  1  1  1  1  1  1  1  1  1  1  1  1 23 24 25 26 27
 28 29 30 31 31 30 32 33 34 34 34 34 35 36 37 38 39 40 41  1 42 43 44 45
 45 46 46 45 45 45 45 45 45 47 45 46 45 46 46 48 45 49 46 46 46 46]
Updated partition (where clusters with only one element have been merged with their closest neighbor): 
[ 1  1  1  1  1  1  1  1  1  1  1  1  1  1  1  1  1  1  1  1  1  1  1  1
  1  1  1  1  1  1  1  1  1  1  1  1  1  1  1  1  1  1  1  1  1  1  1  1
  1  1  1  1  1  1  1  1  1  1  1  1  1  1  1  1  1  1  1  1  1  1  1  1
  1  1  1  1  1  1  1  1  1  1  1  1  1  1  1  1  1  1  1  1  1  1  1  1
  1  1  1  1  1  1  1 11 11 30 30 18 38 38 17 17 18  1  1  1  1  1  1  1
  1  1  1  1  1  1  1 19 19 21 21 30  1  1  1  1  1  1  1  1  1  1  1  1
  1  1  1  1  1  1  1  1  1  1  1  1  1  1  1  1  1  1  1 41 32 26 26 33
 33 33 30 31 31 30 32 33 34 34 34 34 44 37 37 38 44 41 41  1 11 11 44 45
 45 46 46 45 45 45 45 45 45 33 45 46 45 46 46 46 45 45 46 46 46 46]
Anchors ID: 
[148, 104, 110, 107, 127, 129, 165, 173, 171, 164, 167, 176, 181, 183, 186, 180, 197, 194, 189]
Anchors position: 
[[1.5167, 13.24, 3.57, 1.38, 72.7, 0.56, 8.44, 0.0, 0.1], [1.5241, 13.83, 2.9, 1.17, 71.15, 0.08, 10.79, 0.0, 0.0], [1.52664, 11.23, 0.0, 0.77, 73.21, 0.0, 14.68, 0.0, 0.0], [1.53393, 12.3, 0.0, 1.0, 70.16, 0.12, 16.19, 0.0, 0.24], [1.52081, 13.78, 2.28, 1.43, 71.99, 0.49, 9.85, 0.0, 0.17], [1.5202, 13.98, 1.35, 1.63, 71.76, 0.39, 10.56, 0.0, 0.18], [1.52171, 11.56, 1.88, 1.56, 72.86, 0.47, 11.41, 0.0, 0.0], [1.52043, 13.38, 0.0, 1.4, 72.25, 0.33, 12.5, 0.0, 0.0], [1.51316, 13.02, 0.0, 3.04, 70.48, 6.21, 6.96, 0.0, 0.0], [1.51915, 12.73, 1.85, 1.86, 72.69, 0.6, 10.09, 0.0, 0.0], [1.51969, 12.64, 0.0, 1.65, 73.75, 0.38, 11.53, 0.0, 0.0], [1.51905, 14.0, 2.39, 1.56, 72.37, 0.0, 9.57, 0.0, 0.0], [1.51888, 14.99, 0.78, 1.74, 72.5, 0.0, 9.95, 0.0, 0.0], [1.51969, 14.56, 0.0, 0.56, 73.48, 0.0, 11.22, 0.0, 0.0], [1.51838, 14.32, 3.26, 2.22, 71.25, 1.46, 5.79, 1.63, 0.0], [1.51299, 14.4, 1.74, 1.54, 74.55, 0.0, 7.59, 0.0, 0.0], [1.51727, 14.7, 0.0, 2.34, 73.28, 0.0, 8.95, 0.66, 0.0], [1.51683, 14.56, 0.0, 1.98, 73.29, 0.0, 8.52, 1.57, 0.07]]

Partition with K clusters: 
[1 1 1 1 1 1 1 1 1 1 1 1 1 1 1 1 1 1 1 1 1 1 1 1 1 1 1 1 1 1 1 1 1 1 1 1 1
 1 1 1 1 1 1 1 1 1 1 1 1 1 1 1 1 1 1 1 1 1 1 1 1 1 1 1 1 1 1 1 1 1 1 1 1 1
 1 1 1 1 1 1 1 1 1 1 1 1 1 1 1 1 1 1 1 1 1 1 1 1 1 1 1 1 1 1 1 5 5 5 0 0 5
 5 5 1 1 1 1 1 1 1 1 1 1 1 1 1 1 1 1 1 0 5 1 1 1 1 1 1 1 1 1 1 1 1 1 1 1 1
 1 1 1 1 1 1 1 1 1 1 1 1 1 1 1 2 1 0 0 0 0 0 0 3 3 0 1 0 1 1 1 1 4 4 0 0 4
 2 2 1 1 6 4 4 4 4 4 4 4 4 4 4 4 0 4 4 4 4 4 4 4 4 4 4 4 4]
