x
1 1
2 1
3 1
4 1
5 1
6 1
7 1
8 1
9 1
10 1
11 1
12 1
13 1
14 1
15 1
16 1
17 1
18 4
19 4
20 1
21 1
22 4
23 1
24 1
25 1
26 1
27 1
28 1
29 1
30 1
31 1
32 1
33 1
34 1
35 1
36 1
37 1
38 1
39 4
40 4
41 1
42 4
43 1
44 1
45 4
46 1
47 4
48 4
49 4
50 1
51 4
52 1
53 1
54 1
55 1
56 1
57 1
58 4
59 4
60 1
61 1
62 1
63 1
64 4
65 4
66 4
67 1
68 1
69 1
70 4
71 1
72 1
73 1
74 1
75 1
76 1
77 1
78 1
79 1
80 4
81 1
82 1
83 1
84 1
85 1
86 1
87 1
88 1
89 1
90 1
91 1
92 1
93 1
94 1
95 1
96 1
97 1
98 1
99 5
100 1
101 1
102 1
103 1
104 3
105 4
106 3
107 3
108 1
109 3
110 4
111 3
112 3
113 3
114 1
115 1
116 1
117 1
118 1
119 1
120 1
121 1
122 1
123 1
124 1
125 1
126 1
127 1
128 4
129 1
130 3
131 3
132 3
133 1
134 1
135 1
136 1
137 1
138 1
139 4
140 1
141 1
142 1
143 1
144 1
145 1
146 1
147 4
148 1
149 5
150 1
151 1
152 4
153 4
154 1
155 1
156 1
157 1
158 4
159 1
160 1
161 1
162 4
163 4
164 5
165 1
166 3
167 3
168 3
169 5
170 3
171 3
172 2
173 2
174 3
175 5
176 3
177 5
178 4
179 4
180 4
181 4
182 5
183 5
184 4
185 4
186 1
187 5
188 1
189 5
190 1
191 5
192 5
193 5
194 5
195 5
196 5
197 5
198 5
199 5
200 5
201 5
202 1
203 5
204 5
205 5
206 5
207 5
208 5
209 5
210 5
211 5
212 5
213 5
214 5
