x
1 8
2 1
3 14
4 1
5 14
6 14
7 14
8 14
9 8
10 14
11 14
12 14
13 14
14 14
15 14
16 14
17 14
18 8
19 1
20 14
21 14
22 8
23 14
24 14
25 1
26 14
27 1
28 14
29 14
30 14
31 14
32 14
33 14
34 14
35 14
36 14
37 1
38 14
39 8
40 8
41 14
42 1
43 14
44 8
45 14
46 1
47 1
48 8
49 8
50 1
51 8
52 1
53 14
54 14
55 14
56 14
57 14
58 14
59 1
60 1
61 1
62 1
63 8
64 1
65 8
66 8
67 8
68 1
69 8
70 8
71 1
72 1
73 14
74 14
75 14
76 14
77 1
78 14
79 1
80 1
81 14
82 14
83 14
84 14
85 14
86 14
87 14
88 14
89 14
90 14
91 1
92 14
93 14
94 14
95 14
96 1
97 1
98 14
99 1
100 14
101 14
102 14
103 14
104 8
105 8
106 3
107 7
108 14
109 10
110 10
111 3
112 3
113 3
114 1
115 1
116 1
117 1
118 1
119 14
120 1
121 1
122 14
123 14
124 14
125 1
126 1
127 14
128 11
129 11
130 11
131 10
132 3
133 1
134 1
135 1
136 1
137 14
138 14
139 1
140 14
141 14
142 1
143 14
144 14
145 14
146 1
147 1
148 14
149 14
150 14
151 14
152 1
153 1
154 14
155 14
156 1
157 14
158 8
159 1
160 1
161 1
162 1
163 8
164 6
165 11
166 13
167 13
168 10
169 13
170 10
171 10
172 2
173 2
174 10
175 11
176 10
177 11
178 11
179 11
180 11
181 11
182 10
183 10
184 10
185 4
186 9
187 9
188 1
189 11
190 5
191 11
192 5
193 5
194 5
195 5
196 5
197 5
198 5
199 5
200 5
201 5
202 5
203 5
204 5
205 5
206 5
207 5
208 12
209 5
210 5
211 5
212 5
213 5
214 5
