x
1 11
2 1
3 1
4 1
5 1
6 1
7 1
8 1
9 11
10 1
11 1
12 1
13 1
14 11
15 1
16 1
17 1
18 11
19 11
20 1
21 11
22 11
23 1
24 11
25 1
26 1
27 1
28 1
29 1
30 1
31 1
32 1
33 11
34 1
35 1
36 1
37 1
38 1
39 11
40 11
41 1
42 1
43 1
44 11
45 11
46 1
47 11
48 11
49 11
50 1
51 11
52 11
53 1
54 1
55 1
56 11
57 11
58 1
59 1
60 1
61 11
62 11
63 11
64 11
65 11
66 11
67 11
68 11
69 11
70 11
71 11
72 11
73 1
74 1
75 1
76 1
77 1
78 1
79 11
80 11
81 1
82 1
83 1
84 1
85 1
86 11
87 1
88 1
89 1
90 1
91 11
92 1
93 11
94 1
95 1
96 1
97 11
98 11
99 1
100 1
101 1
102 8
103 11
104 8
105 8
106 3
107 7
108 1
109 10
110 10
111 3
112 3
113 3
114 11
115 1
116 1
117 1
118 1
119 11
120 11
121 1
122 1
123 1
124 1
125 1
126 1
127 1
128 8
129 8
130 8
131 10
132 3
133 1
134 11
135 1
136 11
137 11
138 1
139 1
140 1
141 1
142 11
143 1
144 1
145 11
146 11
147 11
148 1
149 1
150 1
151 1
152 1
153 11
154 1
155 1
156 11
157 1
158 11
159 1
160 1
161 1
162 11
163 11
164 6
165 8
166 3
167 3
168 10
169 9
170 10
171 10
172 2
173 2
174 10
175 8
176 10
177 8
178 8
179 8
180 8
181 9
182 10
183 10
184 10
185 4
186 6
187 6
188 11
189 8
190 5
191 9
192 5
193 5
194 5
195 5
196 5
197 5
198 5
199 5
200 5
201 5
202 5
203 5
204 5
205 5
206 5
207 5
208 12
209 5
210 5
211 5
212 5
213 5
214 5
