x
1 1
2 14
3 14
4 14
5 14
6 14
7 14
8 14
9 14
10 14
11 14
12 14
13 14
14 1
15 14
16 14
17 14
18 1
19 1
20 14
21 14
22 1
23 14
24 14
25 14
26 14
27 14
28 14
29 14
30 14
31 14
32 14
33 14
34 14
35 14
36 14
37 1
38 14
39 1
40 1
41 14
42 1
43 14
44 1
45 14
46 1
47 1
48 1
49 1
50 1
51 1
52 14
53 14
54 14
55 14
56 14
57 14
58 1
59 1
60 14
61 1
62 1
63 1
64 1
65 1
66 1
67 1
68 1
69 1
70 1
71 14
72 14
73 14
74 14
75 14
76 14
77 14
78 14
79 14
80 11
81 14
82 14
83 14
84 14
85 14
86 14
87 14
88 14
89 14
90 14
91 14
92 14
93 14
94 14
95 14
96 14
97 14
98 14
99 11
100 14
101 14
102 14
103 14
104 1
105 1
106 3
107 7
108 14
109 10
110 10
111 3
112 3
113 3
114 14
115 1
116 14
117 14
118 14
119 14
120 14
121 14
122 14
123 14
124 14
125 1
126 1
127 14
128 8
129 8
130 8
131 10
132 3
133 14
134 14
135 14
136 14
137 14
138 14
139 14
140 14
141 14
142 14
143 14
144 14
145 14
146 14
147 1
148 14
149 11
150 14
151 14
152 11
153 1
154 14
155 14
156 14
157 14
158 1
159 14
160 14
161 14
162 1
163 1
164 6
165 13
166 13
167 13
168 10
169 13
170 10
171 10
172 2
173 2
174 10
175 8
176 10
177 11
178 11
179 11
180 11
181 11
182 10
183 10
184 10
185 4
186 9
187 9
188 1
189 8
190 13
191 11
192 5
193 5
194 5
195 5
196 5
197 5
198 5
199 5
200 5
201 5
202 13
203 5
204 5
205 5
206 5
207 5
208 12
209 5
210 5
211 5
212 5
213 5
214 5
