x
1 1
2 1
3 1
4 1
5 1
6 1
7 1
8 3
9 1
10 1
11 1
12 1
13 1
14 3
15 1
16 1
17 1
18 3
19 1
20 1
21 1
22 3
23 1
24 1
25 1
26 1
27 1
28 1
29 1
30 1
31 1
32 1
33 1
34 1
35 1
36 1
37 1
38 1
39 3
40 3
41 1
42 1
43 1
44 1
45 3
46 1
47 1
48 3
49 3
50 1
51 3
52 1
53 1
54 1
55 1
56 1
57 1
58 2
59 3
60 1
61 1
62 1
63 3
64 1
65 3
66 3
67 3
68 1
69 3
70 3
71 1
72 1
73 2
74 1
75 1
76 1
77 1
78 1
79 1
80 1
81 1
82 1
83 1
84 1
85 3
86 1
87 1
88 1
89 1
90 1
91 1
92 1
93 1
94 1
95 1
96 1
97 1
98 1
99 2
100 1
101 1
102 3
103 1
104 3
105 1
106 3
107 3
108 3
109 3
110 3
111 3
112 3
113 3
114 1
115 1
116 1
117 1
118 1
119 1
120 1
121 1
122 1
123 1
124 1
125 1
126 1
127 1
128 3
129 3
130 3
131 3
132 3
133 1
134 1
135 1
136 1
137 1
138 1
139 1
140 1
141 1
142 1
143 1
144 1
145 1
146 1
147 1
148 1
149 3
150 1
151 1
152 3
153 1
154 1
155 1
156 1
157 1
158 3
159 1
160 1
161 1
162 1
163 3
164 2
165 3
166 3
167 3
168 3
169 2
170 3
171 3
172 2
173 2
174 3
175 3
176 3
177 3
178 3
179 3
180 3
181 2
182 3
183 2
184 3
185 2
186 2
187 2
188 3
189 3
190 1
191 2
192 2
193 2
194 2
195 2
196 2
197 2
198 2
199 2
200 2
201 2
202 1
203 2
204 2
205 2
206 2
207 2
208 2
209 2
210 2
211 2
212 2
213 2
214 2
