x
1 11
2 1
3 1
4 1
5 1
6 9
7 1
8 1
9 1
10 9
11 9
12 1
13 9
14 9
15 9
16 9
17 1
18 11
19 11
20 1
21 1
22 11
23 1
24 1
25 1
26 1
27 1
28 9
29 9
30 1
31 9
32 1
33 9
34 9
35 9
36 1
37 1
38 9
39 11
40 11
41 1
42 9
43 1
44 1
45 11
46 1
47 1
48 11
49 11
50 1
51 11
52 1
53 1
54 9
55 9
56 9
57 9
58 1
59 1
60 1
61 1
62 11
63 11
64 1
65 11
66 11
67 11
68 11
69 11
70 11
71 1
72 1
73 9
74 9
75 9
76 9
77 1
78 9
79 1
80 9
81 9
82 9
83 1
84 9
85 9
86 9
87 9
88 9
89 9
90 9
91 1
92 9
93 9
94 9
95 9
96 1
97 1
98 9
99 9
100 9
101 9
102 1
103 9
104 11
105 11
106 3
107 7
108 9
109 10
110 10
111 3
112 3
113 3
114 1
115 1
116 1
117 1
118 1
119 9
120 1
121 1
122 9
123 1
124 1
125 1
126 9
127 1
128 8
129 8
130 8
131 10
132 3
133 1
134 1
135 1
136 1
137 1
138 9
139 1
140 9
141 1
142 1
143 9
144 9
145 9
146 1
147 1
148 1
149 9
150 9
151 9
152 11
153 11
154 1
155 1
156 9
157 1
158 11
159 1
160 1
161 1
162 11
163 11
164 6
165 8
166 8
167 8
168 10
169 10
170 10
171 10
172 2
173 2
174 10
175 8
176 10
177 8
178 8
179 8
180 8
181 8
182 10
183 10
184 10
185 4
186 6
187 6
188 1
189 8
190 8
191 8
192 5
193 5
194 5
195 5
196 5
197 5
198 5
199 5
200 5
201 5
202 8
203 5
204 5
205 5
206 5
207 5
208 5
209 5
210 5
211 5
212 5
213 5
214 5
