x
1 5
2 1
3 1
4 1
5 1
6 1
7 1
8 1
9 5
10 1
11 1
12 1
13 1
14 1
15 1
16 1
17 1
18 5
19 5
20 1
21 1
22 5
23 1
24 1
25 1
26 1
27 1
28 1
29 1
30 1
31 1
32 1
33 1
34 1
35 1
36 1
37 5
38 1
39 5
40 5
41 1
42 1
43 1
44 5
45 5
46 5
47 5
48 5
49 5
50 5
51 5
52 1
53 1
54 1
55 1
56 1
57 1
58 5
59 1
60 1
61 5
62 5
63 5
64 5
65 5
66 5
67 5
68 5
69 5
70 5
71 1
72 1
73 1
74 1
75 1
76 1
77 1
78 1
79 1
80 5
81 1
82 1
83 1
84 1
85 3
86 5
87 1
88 1
89 1
90 1
91 1
92 1
93 1
94 1
95 1
96 1
97 1
98 1
99 4
100 1
101 1
102 5
103 1
104 5
105 5
106 3
107 3
108 3
109 3
110 4
111 3
112 3
113 3
114 1
115 1
116 1
117 1
118 1
119 1
120 1
121 1
122 1
123 1
124 1
125 5
126 1
127 1
128 5
129 5
130 3
131 3
132 3
133 1
134 1
135 1
136 1
137 1
138 1
139 5
140 1
141 1
142 1
143 1
144 1
145 1
146 1
147 5
148 1
149 4
150 1
151 1
152 1
153 1
154 1
155 1
156 1
157 1
158 5
159 1
160 1
161 1
162 5
163 5
164 6
165 1
166 3
167 3
168 3
169 3
170 3
171 3
172 2
173 2
174 3
175 1
176 3
177 5
178 5
179 5
180 5
181 4
182 4
183 4
184 3
185 4
186 6
187 6
188 5
189 5
190 5
191 4
192 4
193 4
194 4
195 4
196 4
197 4
198 4
199 4
200 4
201 4
202 5
203 4
204 4
205 4
206 4
207 4
208 6
209 4
210 4
211 4
212 4
213 4
214 4
