208 368 -1
572 404 -1
69 428 -1
284 515 -1
289 557 -1
442 34 -1
554 327 -1
421 580 -1
510 42 -1
64 241 -1
278 172 -1
32 72 1
506 416 -1
559 105 -1
227 411 -1
276 208 -1
412 316 -1
460 64 -1
190 148 -1
349 17 -1
286 2 -1
372 82 -1
9 351 -1
537 402 -1
288 253 -1
369 535 -1
485 74 -1
531 100 -1
370 362 1
361 463 -1
241 418 -1
338 113 -1
247 291 -1
5 168 -1
50 509 -1
129 497 -1
375 491 -1
409 358 -1
508 540 1
100 447 -1
495 359 -1
365 55 -1
423 270 -1
498 544 -1
557 442 -1
246 212 -1
421 220 -1
438 583 -1
490 433 -1
194 554 -1
