91 222 -1
587 573 1
511 382 -1
35 73 1
412 419 -1
549 337 -1
535 33 -1
37 156 -1
256 520 -1
138 452 -1
193 522 -1
328 569 -1
236 329 -1
522 302 -1
253 512 -1
287 357 -1
521 336 -1
355 565 -1
288 554 -1
351 81 -1
125 165 -1
280 421 -1
45 131 -1
245 399 -1
162 93 -1
546 421 -1
421 397 -1
66 279 -1
328 398 -1
247 103 -1
221 522 -1
142 331 -1
549 172 -1
46 8 1
329 482 -1
314 100 -1
63 214 -1
501 415 -1
114 237 -1
551 39 -1
5 246 -1
332 179 -1
373 512 -1
106 522 -1
355 564 -1
285 296 1
370 569 -1
193 546 -1
205 354 -1
409 115 -1
