467 27 -1
365 475 -1
256 63 -1
427 176 -1
219 505 -1
321 269 -1
316 247 -1
248 364 -1
320 392 -1
456 17 -1
492 206 -1
369 6 -1
29 576 -1
26 451 -1
525 146 -1
436 9 -1
487 416 -1
11 418 -1
94 414 -1
193 152 -1
541 311 -1
270 387 -1
252 533 -1
42 61 1
60 181 -1
458 578 -1
171 309 -1
97 355 -1
42 167 -1
554 500 -1
479 212 -1
389 59 -1
460 92 -1
4 109 -1
377 566 -1
214 410 -1
67 517 -1
190 68 -1
450 427 -1
38 278 -1
33 202 -1
518 359 -1
79 125 -1
538 328 -1
237 561 -1
506 278 -1
296 29 -1
58 93 1
421 554 -1
386 582 -1
