198 226 1
106 244 -1
522 576 -1
31 573 -1
45 341 -1
272 586 -1
246 417 -1
62 143 -1
225 222 1
179 546 -1
224 347 -1
28 141 -1
269 338 -1
68 298 -1
320 222 -1
107 36 1
217 323 -1
12 490 -1
397 219 -1
137 344 -1
329 22 -1
280 82 -1
445 350 -1
120 33 -1
175 177 1
34 531 -1
164 120 -1
297 416 -1
244 563 -1
581 528 -1
228 459 -1
426 132 -1
62 367 -1
225 115 -1
545 471 -1
295 491 -1
298 549 -1
165 90 -1
248 287 -1
398 559 -1
284 436 -1
269 462 -1
561 350 -1
269 353 -1
543 449 -1
160 228 1
349 68 -1
366 425 -1
243 49 -1
139 322 -1
