310 106 -1
199 403 -1
334 552 -1
488 167 -1
394 44 -1
93 409 -1
563 327 -1
248 112 -1
95 127 -1
111 292 -1
43 271 -1
59 184 -1
420 486 -1
138 89 -1
245 3 -1
553 471 -1
431 181 -1
6 392 -1
140 230 -1
168 519 -1
112 397 -1
477 309 -1
75 12 1
523 384 -1
571 430 -1
227 493 -1
460 381 -1
565 427 -1
128 448 -1
293 104 -1
556 474 -1
434 60 -1
249 83 -1
225 378 -1
161 271 -1
162 300 -1
457 71 -1
27 490 -1
520 479 1
260 417 -1
450 278 -1
158 230 -1
344 330 1
349 267 -1
326 205 -1
535 533 1
564 428 -1
536 469 -1
576 104 -1
26 152 -1
