ARI: 0.6042842338022233
minSplit: 0.24
Partition: 
[ 3  3  3  3  3  3  3  1  1  1  1  1  1  1  1  1  1  1  3  3  3  3  3  3
  3  3  3  1  1  1  1  1  1  1  1  1  1  1  1  1  1  1  1  3  3  3  3  3
  3  3  3  3  3  3  1  1  1  1  1  1  1  1  1  1  1  1  1  1  1  1  1  1
  1  1  1  1  1  1  1  1  1  1  3  3  1  1  1  3  3  3  3  3  3  3  3  3
  3  3  1  1  1  1  1  1  1  1  1  1 11 11 11 11 11 11 11 11 11 11 11 11
 11 11 11 11 11 11 11 11 11 11 11 11  7  7  7  7  7  9  9  7  7  7  7  7
  7  7  7  7  7  9  9  7  7  7  7  7  7  7  7  6  6  6  6  6  6  6  6  6
  6  6  6  6  6  6  6  6  6  6  6  6  6  6  6  6  6  6  6  6  6  6  6  6
  6  6  6  6  6  6  6  6  6  6  6  6  6  6  6  6  6  6  6  6  6  6  6  6
  6  6  6  6  6  6  6  6  6  6  6  6  6  6  6  6  2  2  2  2  2  2  2  2
  2  2  2  2  2  2  2  2  2  2  2  2  2  2  2  2  2  2  2  2  2  2  2  2
  2  2  2  2  2  2  2  2  2  2  2  2  2  2  2  2  2  2  2  2  2  2  2  2
  2  2  2  2  2  2  2  2  2  2  2  2  2  2  2  2  2  2  2  2  2  2  2  2
  2  2  2  2  2  2  2  2  2  2  2  2  2  2  2  2  2  2  2  2  2  2  2  2
  2  2  2  2  2  2  2  2  2  2  0  0  0  0  0  0  0  0  0  0  0  0  0  0
  0  0  0  0  0  0  0  0  0  0  0  0  0  0  0  0  0  0  0  0  0  0  0  0
  0  0  0  0  0  0  0  0  0  0  0  0  0  0  0  0  0  0  0  0  0  0  0  0
  0  0  0  0  0  0  0  0  0  0  0  0  0  0  0  0  0  0  0  0  0  0  0  0
  0  0  0  0  0  0  4  4  4  4  4  4  4  4  4  4  4  4  4  4  4  4  4  4
  4  4  4  4  4  4  4  4  4  4  4  4  4  4  5  5  5  4  4  4  8  8  8  8
  8  4  4  4  5  5  5  5  5  5  5  5 10  4 12  4  4 12 10 10 10  8 10 10
  8  8  8  8  8  8  8  8  8  8  8  8 10 10  4  5  5  5  5  5  5  4  4  8
  8  8  8  8  8  5  5  5  5  5  5  5  5  5 10 10 10 10  8  8 10 10 10  5
 10 10 10 10 10 10 10 10 10 10  8 10 10 10 10 10 10  8  8  8 10 10 10 10
 10  5 10 10 10 10 10 10 10 10 10 10]