148 69 71
157 6 81
14 194 149
108 96 50
164 134 172
14 110 141
187 2 73
154 20 46
50 67 183
179 18 76
100 158 68
182 75 71
127 149 119
121 166 40
184 162 53
195 24 65
199 4 65
168 187 97
39 162 38
4 57 162
132 153 54
186 131 99
173 116 89
4 12 77
57 45 195
74 36 176
14 179 84
26 78 153
109 125 80
45 68 171
0 49 7
64 183 190
78 71 57
39 96 50
3 56 94
26 130 121
168 70 110
10 150 5
164 16 90
175 62 59
157 124 26
2 179 65
63 104 71
18 159 5
103 55 166
158 37 196
187 17 140
29 18 98
152 151 94
178 186 171
195 132 159
131 18 170
26 73 46
62 29 98
102 68 101
139 22 62
46 15 60
26 77 38
188 53 82
102 155 162
100 122 103
88 101 145
27 84 91
149 82 1
166 159 122
91 46 109
139 15 169
104 131 12
103 164 17
46 137 72
82 117 186
37 165 117
106 18 16
91 158 198
169 167 85
87 130 5
5 160 34
56 168 95
155 22 89
9 135 144
8 55 39
69 181 48
25 12 162
148 6 80
81 166 6
170 150 20
3 130 95
71 119 114
75 119 27
104 118 52
15 7 95
190 65 57
18 99 128
85 143 12
170 34 35
159 116 34
101 62 195
113 29 28
146 40 27
173 69 128
