138 51 61
110 163 138
186 45 42
96 15 58
127 45 178
38 105 196
45 176 168
153 177 146
98 66 79
35 146 113
196 15 14
34 116 142
189 55 128
89 37 148
31 172 190
88 16 172
161 9 33
10 144 11
190 37 44
22 190 25
32 115 121
128 146 29
72 193 69
37 179 182
112 110 178
97 176 109
56 145 189
12 44 169
30 16 73
163 42 131
181 41 147
6 186 149
49 40 145
147 96 148
112 173 75
2 23 102
33 5 41
114 85 73
151 8 142
26 117 111
53 112 43
177 121 184
45 158 187
198 58 178
49 102 50
199 127 158
44 133 45
55 186 182
44 79 83
136 193 143
54 40 122
159 54 196
176 128 49
151 42 121
158 121 124
158 127 12
2 138 158
194 182 145
43 115 106
140 138 16
55 145 49
46 161 95
11 39 87
144 14 89
14 5 101
17 147 102
59 194 4
161 84 73
80 56 45
35 63 158
188 172 64
131 197 115
101 79 113
166 54 26
148 98 28
178 30 70
123 132 145
87 106 15
188 28 187
44 49 173
108 62 106
146 9 67
118 47 190
31 112 113
118 11 180
67 57 152
68 0 136
68 184 12
80 27 19
21 135 188
85 31 89
62 8 198
177 60 12
92 100 37
0 189 73
51 84 194
178 174 147
97 7 177
157 141 85
75 168 151
