38 193 194
194 149 5
69 170 52
172 30 89
132 85 133
76 105 148
183 90 98
56 192 13
141 57 20
108 165 194
140 36 42
81 153 91
174 28 79
97 88 112
167 156 121
74 70 93
167 60 114
77 199 194
54 131 85
59 153 6
141 156 6
20 119 158
57 46 166
112 93 172
170 155 37
52 167 24
15 79 83
84 134 89
106 41 43
126 67 100
174 135 191
55 131 36
8 177 184
2 154 69
62 52 190
114 153 123
47 103 129
165 161 107
63 81 133
197 92 61
91 181 76
150 90 190
47 139 141
43 49 181
190 23 184
196 18 177
65 195 86
194 28 120
178 85 96
193 75 194
143 32 27
149 105 52
77 95 89
89 173 38
126 21 40
28 180 20
193 19 71
59 178 140
125 91 23
188 152 196
126 93 13
76 11 12
32 12 90
58 29 3
42 198 147
7 157 158
108 23 8
114 102 33
98 191 139
86 126 41
73 68 38
133 124 47
136 74 174
76 40 130
108 150 68
17 51 74
25 4 50
78 179 46
4 108 48
190 69 2
171 121 49
0 85 57
165 196 34
141 2 6
45 108 117
18 66 36
176 148 47
53 104 82
155 36 20
131 29 197
150 63 186
76 61 98
161 129 124
38 153 114
173 66 169
10 75 184
109 50 194
85 47 80
43 170 110
191 8 13
