39 33 49
87 60 79
36 169 173
128 165 27
66 31 185
18 42 65
38 41 134
136 169 130
87 63 115
5 7 121
42 10 167
138 43 6
16 144 105
72 191 198
92 17 39
164 162 102
134 115 103
104 45 59
192 23 4
66 141 52
70 140 121
188 147 96
55 181 25
174 26 114
147 40 45
83 157 10
112 33 43
161 9 72
12 177 173
198 0 98
93 175 151
53 23 67
57 1 61
156 11 189
99 57 151
111 191 45
127 33 107
10 119 99
70 124 27
126 55 1
42 186 83
82 48 120
49 161 94
194 182 24
30 193 20
107 112 92
199 9 75
146 177 189
156 76 178
189 79 115
76 174 11
27 72 188
148 155 140
13 82 179
164 109 190
153 130 108
59 81 137
47 22 56
25 51 12
93 43 183
143 29 197
45 141 99
68 131 50
103 37 151
181 144 58
168 80 140
71 131 82
170 173 73
123 142 165
73 33 179
49 64 38
40 128 35
149 59 85
135 191 173
113 190 106
136 194 198
107 179 174
140 155 142
48 54 117
69 28 32
89 6 159
179 148 61
82 167 159
4 199 175
67 95 87
134 118 105
179 165 83
175 100 180
192 61 12
56 105 157
44 163 56
198 87 107
184 21 124
66 71 169
0 86 182
196 147 41
92 74 144
148 79 44
56 113 67
132 122 136
