27 166 189
113 87 186
148 48 176
42 72 13
43 79 178
113 192 105
73 92 120
105 124 104
34 63 161
109 111 9
129 36 158
126 44 39
14 126 9
17 150 193
138 100 114
21 174 120
160 154 93
120 142 81
90 153 64
150 144 181
75 38 42
188 53 151
151 82 18
88 37 45
60 44 75
183 147 101
192 65 115
143 119 114
124 156 165
17 164 149
65 114 176
185 42 128
143 103 7
168 194 114
25 149 119
34 130 190
50 107 175
59 164 175
137 61 118
166 191 15
171 159 84
27 76 155
103 46 110
37 77 118
197 11 121
92 63 50
174 193 192
82 187 183
75 16 116
172 133 20
195 102 95
136 36 174
9 140 107
87 0 184
145 45 146
8 120 13
7 80 15
96 170 177
2 194 104
92 153 90
32 55 158
189 34 149
172 41 3
144 2 11
141 114 53
95 6 29
121 71 126
77 193 51
88 140 45
21 99 137
5 193 98
22 121 183
78 155 10
76 49 81
26 81 24
90 29 176
127 13 184
149 151 47
150 54 47
6 114 77
198 84 11
45 31 106
161 1 188
92 183 40
167 79 107
27 78 158
141 79 121
141 194 164
18 6 181
112 25 196
45 77 80
50 31 145
66 140 60
143 21 4
46 10 190
47 91 176
30 47 175
35 34 172
142 167 4
175 127 22
