ARI: 0.6662732988303202
minSplit: 0
Partition: 
[ 0  0  0  0  0  0  0  5  5  0  0  0  0  0  0  0  0  0  0  0  0  0  0  0
  0  0  0  5  5  5  0  0  0  0  0  0  0  0  0  0  0  0  0  0  0  0  0  0
  0  0  0  0  0  0  5  5  5  5  5  0  0  0  0  0  0  0  0  0  0  0  0  0
  0  0  0  0  0  0  5  5  5  5  0  0  0  0  0  0  0  0  0  0  0  0  0  0
  0  0  0  0  0  0  0  0  0  0  0  0 12 12 12 12 12 12 12 12 12 12 12 12
 12 12 12 12 12 12 12 12 12 12 12 12  7  7  7  7  7  8  8  7  7  7  7  7
  7  7  7  7  7  8  8  7  7  7  7  7  7  7  7  6  6  6  6  6  6  6  6  6
  6  6  6  6  6  6  6  6  6  6  6  6  6  6  6  6  6  6  6  6  6  6  6  6
  6  6  6  6  6  6  6  6  6  6  6  6  6  6  6  6  6  6  6  6  6  6  6  6
  6  6  6  6  6  6  6  6  6  6  6  6  6  6  6  6  9  9  9  9  9  9  9  9
  9  9  9  9  9  9  9  9  9  9  9  9  9  9  9  9  9  9  9  9  9  9 11  9
  4  4  4  4  4  4  4  4  4  4  4  4  4  4  4  4  9  4  4  4  4  4  4  4
  4  4  4  4  4  4  4  4  4  4  4  4  4  4  4  4  4  4  4  4  4  4  4  4
  4  4  4  4  4  4  4  4  4  4  4  4  4  4  4  4  4  4  4  4  4  4  4  4
  4  4  4  4  4  4  4  4  4  4  3  3  3  3  2  2  2  3  3  3  3  3  3  3
  2  2  2  2  2  2  2  3  3  3  3  2  2  2  2  2  2  2  3  3  3  2  2  2
  2  2  2  2  2  2  2  2  2  2  2  2  2  2  2  2  2  2  2  2  2  2  2  2
  2  2  2  2  2  2  3  3  2  2  2  2  3  3  3  2  2  2  3  3  3  3  3  2
  2  2  3  3  2  3  1  1  1  1  1  1  1  1  1  1  1  1  1  1  1  1  1  1
  1  1  1  1  1  1  1  1  1  1  1  1  1  1 10  1  1  1  1  1  1  1  1  1
  1  1  1  1  1  1  1 10  1  1  1  1  1  1  1  1  1  1  1  1  1  1  1  1
  1  1  1  1  1  1  1  1  1  1  1  1  1  1  1  1  1  1  1  1  1  1  1  1
  1  1  1  1  1 10  1 10  1  1  1  1  1  1  1  1  1  1  1  1  1  1  1  1
  1  1  1  1  1  1  1  1  1  1  1  1  1  1  1  1  1  1  1  1  1  1  1  1
  1  1  1  1  1  1  1  1  1  1  1  1]