x
1 1
2 1
3 1
4 1
5 1
6 1
7 2
8 1
9 1
10 1
11 1
12 1
13 1
14 1
15 1
16 1
17 1
18 1
19 1
20 1
21 1
22 1
23 1
24 1
25 1
26 2
27 1
28 1
29 1
30 2
31 1
32 1
33 1
34 1
35 1
36 1
37 1
38 1
39 1
40 1
41 1
42 1
43 1
44 1
45 1
46 1
47 1
48 2
49 2
50 1
51 2
52 1
53 1
54 1
55 1
56 1
57 1
58 1
59 1
60 2
61 1
62 1
63 1
64 1
65 1
66 1
67 1
68 1
69 1
70 1
71 1
72 2
73 1
74 1
75 1
76 1
77 1
78 1
79 1
80 1
81 2
82 1
83 1
84 2
85 3
86 3
87 2
88 1
89 1
90 1
91 1
92 1
93 1
94 1
95 1
96 1
97 2
98 1
99 1
100 1
101 1
102 1
103 1
104 2
105 2
106 2
107 2
108 2
109 2
110 2
111 2
112 2
113 2
114 1
115 1
116 2
117 2
118 1
119 1
120 1
121 2
122 1
123 1
124 1
125 2
126 1
127 1
128 2
129 2
130 2
131 2
132 2
133 1
134 1
135 1
136 1
137 2
138 1
139 3
140 1
141 1
142 1
143 1
144 3
145 1
146 1
147 1
148 1
149 1
150 1
151 1
152 1
153 1
154 1
155 2
156 1
157 1
158 1
159 1
160 1
161 1
162 1
163 1
164 3
165 2
166 2
167 2
168 2
169 3
170 2
171 2
172 3
173 3
174 2
175 2
176 2
177 1
178 1
179 1
180 1
181 3
182 3
183 2
184 2
185 3
186 3
187 3
188 1
189 3
190 3
191 3
192 3
193 3
194 3
195 3
196 3
197 3
198 3
199 3
200 3
201 3
202 3
203 3
204 3
205 3
206 3
207 3
208 3
209 3
210 3
211 3
212 3
213 3
214 3
