x
1 4
2 1
3 1
4 4
5 1
6 1
7 4
8 1
9 1
10 1
11 1
12 1
13 1
14 1
15 1
16 1
17 1
18 1
19 1
20 1
21 1
22 1
23 1
24 1
25 1
26 4
27 1
28 1
29 1
30 1
31 1
32 1
33 1
34 1
35 1
36 1
37 1
38 1
39 4
40 1
41 1
42 1
43 1
44 1
45 1
46 1
47 1
48 1
49 2
50 1
51 1
52 1
53 1
54 1
55 1
56 1
57 1
58 1
59 1
60 1
61 1
62 1
63 1
64 1
65 1
66 1
67 1
68 1
69 1
70 1
71 1
72 4
73 1
74 1
75 1
76 1
77 1
78 1
79 1
80 1
81 4
82 1
83 1
84 4
85 1
86 1
87 4
88 1
89 1
90 1
91 1
92 1
93 1
94 1
95 1
96 1
97 4
98 1
99 1
100 1
101 1
102 1
103 1
104 4
105 2
106 2
107 2
108 2
109 2
110 4
111 2
112 2
113 2
114 1
115 1
116 1
117 4
118 1
119 1
120 1
121 4
122 4
123 1
124 1
125 1
126 1
127 1
128 1
129 1
130 4
131 2
132 2
133 1
134 1
135 1
136 1
137 2
138 1
139 4
140 1
141 1
142 1
143 1
144 1
145 1
146 1
147 1
148 1
149 1
150 1
151 1
152 1
153 1
154 1
155 4
156 1
157 1
158 1
159 1
160 1
161 1
162 1
163 1
164 3
165 4
166 2
167 2
168 2
169 4
170 2
171 2
172 3
173 3
174 2
175 1
176 2
177 4
178 1
179 4
180 4
181 4
182 4
183 4
184 4
185 4
186 1
187 4
188 1
189 4
190 4
191 4
192 1
193 4
194 4
195 4
196 4
197 4
198 4
199 4
200 4
201 4
202 1
203 4
204 4
205 4
206 4
207 4
208 4
209 4
210 4
211 4
212 4
213 4
214 4
