x
1 2
2 1
3 1
4 2
5 1
6 1
7 1
8 1
9 1
10 1
11 1
12 1
13 1
14 1
15 1
16 1
17 1
18 2
19 1
20 1
21 1
22 2
23 1
24 1
25 1
26 1
27 1
28 1
29 1
30 1
31 1
32 1
33 1
34 1
35 1
36 2
37 1
38 1
39 2
40 2
41 1
42 1
43 1
44 2
45 1
46 2
47 1
48 2
49 2
50 1
51 2
52 1
53 1
54 1
55 1
56 1
57 1
58 1
59 1
60 1
61 1
62 2
63 2
64 2
65 2
66 2
67 1
68 2
69 2
70 1
71 1
72 1
73 1
74 1
75 1
76 1
77 1
78 1
79 1
80 1
81 1
82 1
83 1
84 1
85 1
86 1
87 1
88 1
89 1
90 1
91 1
92 1
93 1
94 1
95 1
96 1
97 1
98 1
99 1
100 2
101 1
102 1
103 1
104 1
105 2
106 2
107 2
108 2
109 2
110 4
111 2
112 2
113 2
114 1
115 1
116 1
117 1
118 1
119 1
120 1
121 1
122 2
123 1
124 1
125 1
126 1
127 1
128 2
129 1
130 2
131 2
132 2
133 1
134 1
135 1
136 1
137 2
138 1
139 2
140 1
141 2
142 1
143 1
144 1
145 1
146 1
147 1
148 1
149 1
150 1
151 2
152 2
153 1
154 1
155 1
156 1
157 1
158 2
159 1
160 1
161 1
162 2
163 1
164 5
165 2
166 2
167 1
168 2
169 5
170 2
171 2
172 3
173 3
174 2
175 2
176 2
177 2
178 2
179 2
180 2
181 4
182 5
183 5
184 4
185 4
186 1
187 5
188 2
189 2
190 5
191 5
192 5
193 5
194 5
195 5
196 5
197 5
198 5
199 5
200 5
201 5
202 1
203 5
204 5
205 5
206 5
207 5
208 5
209 5
210 5
211 5
212 5
213 5
214 5
