x
1 10
2 12
3 12
4 12
5 12
6 12
7 12
8 1
9 12
10 1
11 12
12 1
13 12
14 1
15 1
16 1
17 1
18 10
19 10
20 12
21 1
22 1
23 1
24 1
25 1
26 1
27 1
28 1
29 1
30 1
31 1
32 1
33 1
34 1
35 1
36 12
37 1
38 1
39 10
40 10
41 1
42 1
43 1
44 1
45 1
46 1
47 1
48 10
49 10
50 1
51 10
52 1
53 1
54 1
55 1
56 1
57 12
58 1
59 12
60 1
61 10
62 10
63 10
64 10
65 12
66 10
67 12
68 10
69 10
70 10
71 12
72 10
73 12
74 12
75 12
76 12
77 12
78 12
79 12
80 12
81 10
82 12
83 12
84 1
85 12
86 12
87 10
88 12
89 12
90 12
91 1
92 12
93 12
94 12
95 12
96 1
97 1
98 1
99 12
100 1
101 1
102 1
103 1
104 10
105 10
106 13
107 7
108 2
109 1
110 14
111 13
112 13
113 13
114 1
115 1
116 12
117 10
118 12
119 12
120 12
121 12
122 12
123 12
124 12
125 1
126 1
127 1
128 10
129 1
130 14
131 14
132 13
133 12
134 12
135 12
136 1
137 1
138 12
139 12
140 12
141 12
142 1
143 12
144 12
145 1
146 1
147 10
148 12
149 12
150 1
151 12
152 10
153 10
154 12
155 10
156 1
157 12
158 10
159 1
160 1
161 1
162 10
163 1
164 6
165 8
166 8
167 8
168 14
169 8
170 14
171 14
172 3
173 3
174 14
175 8
176 14
177 10
178 10
179 10
180 10
181 12
182 14
183 14
184 14
185 4
186 6
187 6
188 1
189 10
190 5
191 5
192 5
193 5
194 5
195 5
196 5
197 5
198 5
199 5
200 5
201 5
202 9
203 5
204 5
205 5
206 5
207 5
208 11
209 5
210 5
211 5
212 5
213 5
214 5
