x
1 1
2 1
3 1
4 6
5 1
6 1
7 6
8 1
9 6
10 6
11 1
12 1
13 1
14 1
15 1
16 1
17 1
18 1
19 1
20 1
21 1
22 1
23 1
24 1
25 1
26 1
27 1
28 1
29 1
30 1
31 1
32 1
33 1
34 1
35 1
36 6
37 1
38 1
39 1
40 1
41 1
42 1
43 1
44 1
45 1
46 6
47 1
48 1
49 1
50 1
51 1
52 1
53 1
54 1
55 1
56 1
57 1
58 1
59 1
60 1
61 1
62 1
63 1
64 1
65 6
66 1
67 1
68 1
69 1
70 1
71 1
72 6
73 6
74 6
75 6
76 6
77 6
78 1
79 1
80 6
81 6
82 1
83 1
84 1
85 6
86 6
87 6
88 1
89 1
90 1
91 1
92 1
93 1
94 1
95 1
96 1
97 1
98 1
99 6
100 1
101 1
102 1
103 1
104 6
105 1
106 2
107 2
108 2
109 1
110 5
111 2
112 2
113 2
114 1
115 1
116 6
117 6
118 6
119 1
120 6
121 1
122 6
123 1
124 6
125 1
126 1
127 1
128 1
129 1
130 5
131 5
132 2
133 1
134 1
135 1
136 1
137 1
138 1
139 6
140 1
141 6
142 1
143 1
144 6
145 1
146 1
147 1
148 1
149 1
150 1
151 1
152 1
153 1
154 1
155 1
156 1
157 1
158 1
159 1
160 1
161 1
162 1
163 6
164 6
165 1
166 2
167 2
168 2
169 5
170 5
171 2
172 3
173 3
174 2
175 1
176 2
177 1
178 5
179 5
180 5
181 5
182 5
183 5
184 5
185 4
186 6
187 6
188 1
189 6
190 5
191 5
192 5
193 5
194 5
195 5
196 5
197 5
198 5
199 5
200 5
201 5
202 6
203 5
204 5
205 5
206 5
207 5
208 5
209 5
210 5
211 5
212 5
213 5
214 5
