x
1 8
2 1
3 1
4 8
5 1
6 1
7 8
8 1
9 8
10 1
11 1
12 1
13 1
14 1
15 1
16 1
17 1
18 8
19 8
20 1
21 8
22 1
23 1
24 1
25 1
26 1
27 1
28 1
29 1
30 8
31 1
32 1
33 1
34 1
35 1
36 8
37 8
38 1
39 8
40 8
41 1
42 1
43 1
44 1
45 1
46 8
47 1
48 8
49 2
50 1
51 8
52 1
53 1
54 1
55 1
56 1
57 1
58 1
59 1
60 8
61 8
62 8
63 8
64 8
65 8
66 8
67 1
68 8
69 8
70 8
71 8
72 8
73 1
74 1
75 1
76 1
77 1
78 1
79 1
80 1
81 8
82 1
83 1
84 1
85 1
86 1
87 8
88 1
89 1
90 1
91 1
92 1
93 1
94 1
95 1
96 1
97 1
98 1
99 1
100 1
101 1
102 1
103 1
104 8
105 8
106 2
107 7
108 2
109 2
110 2
111 2
112 2
113 2
114 1
115 1
116 1
117 8
118 1
119 1
120 1
121 1
122 1
123 1
124 1
125 1
126 1
127 1
128 8
129 1
130 2
131 2
132 2
133 1
134 1
135 1
136 1
137 2
138 1
139 1
140 1
141 8
142 1
143 1
144 1
145 1
146 1
147 8
148 1
149 1
150 1
151 1
152 8
153 8
154 1
155 1
156 1
157 1
158 8
159 1
160 1
161 1
162 8
163 8
164 6
165 2
166 2
167 2
168 2
169 1
170 2
171 2
172 3
173 3
174 2
175 1
176 2
177 8
178 8
179 8
180 8
181 1
182 8
183 2
184 8
185 4
186 6
187 6
188 8
189 8
190 5
191 5
192 5
193 5
194 5
195 5
196 5
197 5
198 5
199 5
200 5
201 5
202 1
203 5
204 5
205 5
206 5
207 5
208 6
209 5
210 5
211 5
212 5
213 5
214 5
