x
1 2
2 1
3 1
4 1
5 1
6 1
7 1
8 1
9 1
10 1
11 1
12 2
13 1
14 1
15 1
16 1
17 1
18 2
19 2
20 1
21 2
22 2
23 1
24 1
25 1
26 1
27 1
28 1
29 1
30 2
31 1
32 1
33 1
34 1
35 1
36 1
37 2
38 1
39 2
40 2
41 2
42 1
43 1
44 2
45 1
46 2
47 1
48 2
49 1
50 1
51 2
52 1
53 1
54 1
55 1
56 1
57 1
58 1
59 2
60 2
61 1
62 2
63 2
64 2
65 1
66 2
67 2
68 2
69 2
70 1
71 1
72 1
73 1
74 1
75 2
76 1
77 2
78 1
79 1
80 1
81 1
82 1
83 1
84 1
85 1
86 1
87 1
88 1
89 1
90 1
91 1
92 1
93 1
94 1
95 2
96 1
97 1
98 1
99 1
100 2
101 1
102 2
103 1
104 1
105 2
106 2
107 2
108 2
109 1
110 2
111 2
112 2
113 2
114 1
115 1
116 1
117 1
118 1
119 1
120 1
121 1
122 1
123 1
124 1
125 2
126 1
127 1
128 2
129 2
130 2
131 2
132 2
133 1
134 1
135 1
136 1
137 1
138 1
139 1
140 1
141 2
142 1
143 1
144 1
145 1
146 1
147 1
148 1
149 1
150 1
151 2
152 2
153 1
154 1
155 2
156 1
157 1
158 2
159 1
160 1
161 1
162 2
163 2
164 1
165 2
166 2
167 1
168 2
169 2
170 2
171 2
172 1
173 1
174 2
175 2
176 2
177 2
178 2
179 2
180 2
181 1
182 2
183 2
184 2
185 1
186 1
187 1
188 2
189 1
190 2
191 1
192 1
193 1
194 1
195 1
196 1
197 2
198 2
199 2
200 2
201 1
202 1
203 1
204 1
205 1
206 1
207 2
208 1
209 1
210 1
211 1
212 2
213 1
214 1
