x
1 10
2 1
3 1
4 10
5 1
6 1
7 1
8 1
9 1
10 1
11 1
12 1
13 1
14 1
15 1
16 1
17 1
18 10
19 10
20 1
21 10
22 10
23 1
24 1
25 1
26 10
27 1
28 1
29 1
30 1
31 1
32 1
33 1
34 1
35 1
36 10
37 10
38 1
39 10
40 10
41 1
42 1
43 1
44 10
45 1
46 10
47 1
48 10
49 10
50 1
51 10
52 1
53 1
54 1
55 1
56 1
57 1
58 1
59 1
60 1
61 10
62 10
63 10
64 10
65 10
66 10
67 1
68 10
69 10
70 10
71 10
72 1
73 1
74 1
75 1
76 1
77 1
78 1
79 1
80 1
81 1
82 1
83 1
84 1
85 1
86 1
87 1
88 1
89 1
90 1
91 1
92 1
93 1
94 1
95 1
96 1
97 1
98 1
99 1
100 10
101 1
102 1
103 1
104 1
105 10
106 2
107 7
108 2
109 8
110 8
111 2
112 2
113 2
114 1
115 1
116 1
117 1
118 1
119 1
120 1
121 1
122 10
123 1
124 1
125 1
126 1
127 1
128 10
129 1
130 8
131 8
132 2
133 1
134 1
135 1
136 1
137 8
138 1
139 1
140 1
141 1
142 1
143 1
144 1
145 1
146 1
147 10
148 1
149 1
150 1
151 10
152 10
153 10
154 1
155 1
156 1
157 1
158 10
159 1
160 1
161 1
162 10
163 1
164 6
165 8
166 8
167 8
168 8
169 8
170 8
171 8
172 3
173 3
174 8
175 8
176 8
177 10
178 10
179 10
180 10
181 1
182 8
183 8
184 8
185 4
186 6
187 6
188 10
189 10
190 5
191 5
192 5
193 5
194 5
195 5
196 5
197 5
198 5
199 5
200 5
201 5
202 9
203 5
204 5
205 5
206 5
207 5
208 11
209 5
210 5
211 5
212 5
213 5
214 5
