ARI: 0.607448590957518
minSplit: 0
Partition: 
[ 3  3  3  3  3  3  3  2  2  2  2  2  2  2  2  2  2  2  3  3  3  3  3  3
  3  3  3  2  2  2  2  2  2  2  2  2  2  2  2  2  2  2  2  3  3  3  3  3
  3  3  3  3  3  3  2  2  2  2  2  2  2  2  2  2  2  2  2  2  2  2  2  2
  2  2  2  2  2  2  2  2  2  2  3  3  2  2  2  3  3  3  3  3  3  3  3  3
  3  3  2  2  2  2  2  2  2  2  2  2 11 11 11 11 11 11 11 11 11 11 11 11
 11 11 11 11 11 11 11 11 11 11 11 11  8  8  8  8  8  7  7  8  8  8  8  8
  8  8  8  8  8  7  7  8  8  8  8  8  8  8  8  6  6  6  6  6  6  6  6  6
  6  6  6  6  6  6  6  6  6  6  6  6  6  6  6  6  6  6  6  6  6  6  6  6
  6  6  6  6  6  6  6  6  6  6  6  6  6  6  6  6  6  6  6  6  6  6  6  6
  6  6  6  6  6  6  6  6  6  6  6  6  6  6  6  6  9  9  9  9  9  9  9  9
  9  9  9  9  9  9  9  9  9  9  9  9  9  9  9  9  9  9  9  9  9  9 10  9
  1  1  1  1  1  1  1  1  1  1  1  1  1  1  1  1 12  1  1  1  1  1  1  1
  1  1  1  1  1  1  1  1  1  1  1  1  1  1  1  1  1  1  1  1  1  1  1  1
  1  1  1  1  1  1  1  1  1  1  1  1  1  1  1  1  1  1  1  1  1  1  1  1
  1  1  1  1  1  1  1  1  1  1  0  0  0  0  0  0  0  0  0  0  0  0  0  0
  0  0  0  0  0  0  0  0  0  0  0  0  0  0  0  0  0  0  0  0  0  0  0  0
  0  0  0  0  0  0  0  0  0  0  0  0  0  0  0  0  0  0  0  0  0  0  0  0
  0  0  0  0  0  0  0  0  0  0  0  0  0  0  0  0  0  0  0  0  0  0  0  0
  0  0  0  0  0  0  4  4  4  4  4  4  4  4  4  4  4  4  4  4  4  4  4  4
  4  4  4  4  4  4  4  4  4  4  4  4  4  4  5  5  5  4  4  4  4  4  4  4
  4  4  4  4  5  5  5  5  5  5  5  5  4  4  4  4  4  4  4  4  4  4  4  4
  4  4  4  4  4  4  4  4  4  4  4  4  4  4  4  5  5  5  5  5  5  4  4  4
  4  4  4  4  4  5  5  5  5  5  5  5  5  5  4  4  4  4  4  4  4  4  4  5
  4  4  4  4  4  4  4  4  4  4  4  4  4  4  4  4  4  4  4  4  4  4  4  4
  4  5  4  4  4  4  4  4  4  4  4  4]