ARI: 0.6507789966888967
minSplit: 0.19999999999999996
Partition: 
[ 2  2  2  2  2  2  2  2  2 12 12 12 12 12 12 12 12 12  2  2  2  2  2  2
  2  2  2  2  2  2 12 12 12 12 12 12 12 12 12 12 12 12 12  2  2  2  2  2
  2  2  2  2  2  2  2  2  2  2  2 12 12 12 12 12 12 12 12 12 12 12 12 12
 12 12 12 12 12 12  2  2  2  2  2  2 12 12 12  2  2  2  2  2  2  2  2  2
  2  2 12 12 12 12 12 12 12 12 12 12 11 11 11 11 11 11 11 11 11 11 11 11
 11 11 11 11 11 11 11 11 11 11 11 11  4  4  4  4  4  4  4  4  4  4  4  4
  4  4  4  4  4  4  4  4  4  4  4  4  4  4  4  6  6  6  6  6  6  6  6  6
  6  6  6  6  6  6  6  6  6  6  6  6  6  6  6  6  6  6  6  6  6  6  6  6
  6  6  6  6  6  6  6  6  6  6  6  6  6  6  6  6  6  6  6  6  6  6  6  6
  6  6  6  6  6  6  6  6  6  6  6  6  6  6  6  6  7  7  7  7  7  7  7  7
  7  7  7  7  7  7  7  7  7  7  7  7  7  7  7  7  7  7  7  7  7  7  8  7
  9  9  9  9  9  9  9  9  9  9  9  9  9  9  9  9 10  9  9  9  9  9  9  9
  9  9  9  9  9  9  9  9  9  9  9  9  9  9  9  9  9  9  9  9  9  9  9  9
  9  9  9  9  9  9  9  9  9  9  9  9  9  9  9  9  9  9  9  9  9  9  9  9
  9  9  9  9  9  9  9  9  9  9  1  1  1  1  1  1  1  1  1  1  1  1  1  1
  1  1  1  1  1  1  1  1  1  1  1  1  1  1  1  1  1  1  1  1  1  1  1  1
  1  1  1  1  1  1  1  1  1  1  1  1  1  1  1  1  1  1  1  1  1  1  1  1
  1  1  1  1  1  1  1  1  1  1  1  1  1  1  1  1  1  1  1  1  1  1  1  1
  1  1  1  1  1  1  0  0  0  0  0  0  0  0  0  0  0  0  0  0  0  0  0  0
  0  0  0  0  0  0  0  0  0  0  0  0  0  0  3  3  3  0  0  0  0  0  0  0
  0  0  0  0  3  3  3  3  3  3  3  3  5  0  0  0  0  0  5  5  0  0  0  5
  0  0  0  0  0  0  0  0  0  0  0  0  0  0  0  3  3  3  3  3  3  0  0  0
  0  0  0  0  0  3  3  3  3  3  3  3  3  3  5  5  5  5  0  0  5  5  5  3
  5  5  5  5  5  5  5  5  5  5  0  5  5  5  5  5  5  0  0  0  5  5  5  5
  5  3  5  5  5  5  5  5  5  5  5  5]