x
1 2
2 2
3 2
4 2
5 2
6 6
7 2
8 2
9 2
10 2
11 6
12 2
13 2
14 2
15 6
16 6
17 6
18 2
19 6
20 6
21 2
22 6
23 2
24 2
25 2
26 2
27 2
28 2
29 2
30 2
31 2
32 2
33 6
34 6
35 2
36 2
37 6
38 2
39 2
40 2
41 2
42 2
43 2
44 2
45 6
46 2
47 6
48 2
49 6
50 2
51 1
52 1
53 1
54 4
55 1
56 1
57 1
58 7
59 4
60 4
61 4
62 1
63 4
64 1
65 4
66 1
67 1
68 4
69 1
70 4
71 7
72 4
73 7
74 1
75 1
76 1
77 1
78 7
79 1
80 4
81 1
82 4
83 4
84 4
85 1
86 1
87 1
88 4
89 4
90 4
91 4
92 1
93 4
94 4
95 4
96 4
97 4
98 1
99 4
100 4
101 5
102 7
103 3
104 7
105 5
106 5
107 7
108 3
109 3
110 3
111 5
112 7
113 5
114 7
115 5
116 5
117 5
118 3
119 3
120 7
121 5
122 7
123 3
124 7
125 5
126 3
127 7
128 7
129 5
130 3
131 3
132 3
133 5
134 7
135 7
136 3
137 5
138 5
139 7
140 5
141 5
142 5
143 7
144 5
145 3
146 5
147 7
148 5
149 5
150 7
