x
1 2
2 2
3 2
4 2
5 2
6 6
7 2
8 2
9 2
10 2
11 6
12 2
13 2
14 2
15 6
16 6
17 6
18 2
19 6
20 6
21 2
22 6
23 2
24 2
25 2
26 2
27 2
28 2
29 2
30 2
31 2
32 2
33 6
34 6
35 2
36 2
37 6
38 2
39 2
40 2
41 2
42 12
43 2
44 2
45 6
46 2
47 6
48 2
49 6
50 2
51 1
52 1
53 4
54 4
55 1
56 8
57 1
58 11
59 1
60 1
61 4
62 1
63 4
64 1
65 8
66 1
67 7
68 4
69 11
70 4
71 5
72 8
73 11
74 1
75 1
76 1
77 1
78 5
79 1
80 4
81 4
82 4
83 8
84 5
85 7
86 1
87 4
88 11
89 8
90 4
91 4
92 1
93 4
94 4
95 8
96 8
97 8
98 1
99 4
100 8
101 9
102 5
103 3
104 5
105 9
106 9
107 7
108 3
109 3
110 9
111 5
112 5
113 9
114 5
115 9
116 9
117 5
118 10
119 3
120 11
121 9
122 5
123 3
124 5
125 9
126 3
127 5
128 5
129 9
130 9
131 3
132 10
133 9
134 1
135 11
136 3
137 9
138 5
139 5
140 9
141 9
142 9
143 5
144 9
145 9
146 9
147 5
148 5
149 9
150 5
