ARI: 0.678479118901645
minSplit: 0
Partition: 
[ 3  3  3  3  5  5  5  3  3  3  3  3  3  3  3  3  3  3  3  3  3  3  3  3
  5  5  5  3  3  3  3  3  3  3  3  3  3  3  3  3  3  3  3  3  3  3  3  3
  3  3  5  5  5  5  3  3  3  3  3  3  3  3  3  3  3  3  3  3  3  3  3  3
  3  3  3  3  3  3  3  3  3  3  5  5  3  3  3  5  5  5  3  3  3  3  3  3
  3  3  3  3  3  3  3  3  3  3  3  3 11 11 11 11 11 11 11 11 11 11 11 11
 11 11 11 11 11 11 11 11 11 11 11 11 12 12 12 12 12  7  7 12 12 12 12 12
 12 12 12 12 12  7  7 12 12 12 12 12 12 12 12  6  6  6  6  6  6  6  6  6
  6  6  6  6  6  6  6  6  6  6  6  6  6  6  6  6  6  6  6  6  6  6  6  6
  6  6  6  6  6  6  6  6  6  6  6  6  6  6  6  6  6  6  6  6  6  6  6  6
  6  6  6  6  6  6  6  6  6  6  6  6  6  6  6  6  1  1  1  1  1  1  1  1
  1  1  1  1  1  1  1  1  1  1  1  1  1  1  1  1  1  1  1  1  1  1  1  1
  2  2  2  2  2  2  2  2 10 10 10 10 10 10 10 10  1  2  2  2  2  2  2  2
  2  2  2  2  2  2 10 10 10 10 10 10 10 10 10 10 10 10  2 10 10  2  2  2
  2  2  2  2  2 10 10 10 10  2  2  2  2 10 10 10 10  2  2  2  2  2 10 10
 10 10 10 10 10 10 10  2 10  2  9  9  9  9  9  9  9  9  9  9  9  9  4  9
  4  9  9  9  9  9  9  9  9  9  9  9  9  9  9  9  9  9  9  9  9  9  9  9
  9  9  4  4  4  4  4  4  4  4  4  4  4  4  4  4  4  4  4  4  4  4  4  4
  4  4  4  4  4  4  9  9  9  9  9  9  9  9  9  9  9  9  9  9  9  9  9  9
  9  9  9  9  9  9  0  0  0  0  0  0  0  0  0  0  0  0  0  0  0  0  0  0
  0  0  0  0  0  0  0  0  0  0  0  0  0  0  8  8  8  0  0  0  0  0  0  0
  0  0  0  0  8  8  8  8  8  8  8  8  0  0  0  0  0  0  0  0  0  0  0  0
  0  0  0  0  0  0  0  0  0  0  0  0  0  0  0  8  8  8  8  8  8  0  0  0
  0  0  0  0  0  8  8  8  8  8  8  8  8  8  0  0  0  0  0  0  0  0  0  8
  0  0  0  0  0  0  0  0  0  0  0  0  0  0  0  0  0  0  0  0  0  0  0  0
  0  8  0  0  0  0  0  0  0  0  0  0]