ARI: 0.6065044334051274
minSplit: 0
Partition: 
[10 10 10 10 10 10 10  7  7  7  7  7  7  7  7  7  7  7 10 10 10 10 10 10
 10 10 10  7  7  7  7  7  7  7  7  7  7  7  7  7  7  7  7 10 10 10 10 10
 10 10 10 10 10 10  7  7  7  7  7  7  7  7  7  7  7  7  7  7  7  7  7  7
  7  7  7  7  7  7  7  7  7  7 10 10  7  7  7 10 10 10 10 10 10 10 10 10
 10 10  7  7  7  7  7  7  7  7  7  7  5  5  5  5  5  5  5  5  5  5  5  5
  5  5  5  5  5  5  5  5  5  5  5  5  8  8  8  8  8  6  6  8  8  8  8  8
  8  8  8  8  8  6  6  8  8  8  8  8  8  8  8  2  2  2  2  2  2  2  2  2
  2  2  2  2  2  2  2  2  2  2  2  2  2  2  2  2  2  2  2  2  2  2  2  2
  2  2  2  2  2  2  2  2  2  2  2  2  2  2  2  2  2  2  2  2  2  2  2  2
  2  2  2  2  2  2  2  2  2  2  2  2  2  2  2  2  3  3  3  3  3  3  3  3
  3  3  3  3  3  3  3  3  3  3  3  3  3  3  3  3  3  3  3  3  3  3  3  3
  9  9  9  9  9  9  9  9  1  1  1  1  1  1  1  1 12  9  9  9  9  9  9  9
  9  9  9  9  9  9  1  1  1  1  1  1  1  1  1  1  1  1  9  1  1  9  9  9
  9  1  1  1  1  1  1  1  1  1  1  1  1  1  1  1  1  1  1  1  1  1  1  1
  1  1  1  1  1  1  1  1  1  1  4  4  4  4  4  4  4  4  4  4  4  4  4  4
  4  4  4  4  4  4  4  4  4  4  4  4  4  4  4  4  4  4  4  4  4  4  4  4
  4  4  4  4  4  4  4  4  4  4  4  4  4  4  4  4  4  4  4  4  4  4  4  4
  4  4  4  4  4  4  4  4  4  4  4  4  4  4  4  4  4  4  4  4  4  4  4  4
  4  4  4  4  4  4  0  0  0  0  0  0  0  0  0  0  0  0  0  0  0  0  0  0
  0  0  0  0  0  0  0  0  0  0  0  0  0  0 11  0  0  0  0  0  0  0  0  0
  0  0  0  0  0  0  0 11  0  0  0  0  0  0  0  0  0  0  0  0  0  0  0  0
  0  0  0  0  0  0  0  0  0  0  0  0  0  0  0  0  0  0  0  0  0  0  0  0
  0  0  0  0  0 11  0 11  0  0  0  0  0  0  0  0  0  0  0  0  0  0  0  0
  0  0  0  0  0  0  0  0  0  0  0  0  0  0  0  0  0  0  0  0  0  0  0  0
  0  0  0  0  0  0  0  0  0  0  0  0]