x
1 1
2 6
3 6
4 6
5 1
6 11
7 1
8 1
9 6
10 6
11 11
12 1
13 6
14 6
15 11
16 11
17 11
18 1
19 11
20 11
21 1
22 11
23 1
24 11
25 11
26 6
27 1
28 1
29 1
30 6
31 6
32 1
33 11
34 11
35 6
36 6
37 1
38 6
39 6
40 1
41 1
42 6
43 6
44 1
45 11
46 6
47 11
48 6
49 11
50 1
51 8
52 8
53 8
54 12
55 8
56 3
57 8
58 5
59 8
60 3
61 5
62 3
63 12
64 8
65 8
66 8
67 3
68 12
69 12
70 12
71 10
72 3
73 8
74 8
75 8
76 8
77 12
78 10
79 8
80 12
81 12
82 12
83 12
84 10
85 3
86 8
87 8
88 12
89 3
90 12
91 12
92 8
93 12
94 5
95 3
96 3
97 3
98 8
99 5
100 3
101 4
102 10
103 2
104 4
105 4
106 2
107 3
108 9
109 9
110 7
111 4
112 9
113 7
114 10
115 4
116 2
117 9
118 7
119 2
120 10
121 4
122 4
123 2
124 10
125 4
126 9
127 10
128 4
129 4
130 9
131 9
132 7
133 4
134 9
135 10
136 2
137 4
138 9
139 10
140 4
141 4
142 4
143 10
144 4
145 4
146 4
147 10
148 4
149 4
150 10
