x
1 1
2 1
3 1
4 1
5 1
6 1
7 1
8 1
9 1
10 1
11 1
12 1
13 1
14 1
15 1
16 1
17 1
18 1
19 1
20 1
21 1
22 1
23 1
24 1
25 1
26 1
27 1
28 1
29 1
30 1
31 1
32 1
33 1
34 1
35 1
36 1
37 1
38 1
39 1
40 1
41 1
42 1
43 1
44 1
45 1
46 1
47 1
48 1
49 1
50 1
51 3
52 3
53 3
54 5
55 3
56 3
57 3
58 5
59 3
60 5
61 5
62 3
63 5
64 3
65 5
66 3
67 3
68 5
69 3
70 5
71 4
72 3
73 3
74 3
75 3
76 3
77 5
78 4
79 3
80 5
81 5
82 5
83 5
84 4
85 3
86 3
87 3
88 3
89 3
90 5
91 5
92 3
93 5
94 5
95 5
96 3
97 3
98 3
99 5
100 5
101 2
102 4
103 2
104 4
105 2
106 2
107 3
108 2
109 4
110 2
111 4
112 2
113 2
114 4
115 4
116 2
117 4
118 2
119 2
120 4
121 2
122 4
123 2
124 4
125 2
126 2
127 4
128 4
129 4
130 4
131 2
132 2
133 2
134 3
135 3
136 2
137 2
138 4
139 4
140 2
141 2
142 2
143 4
144 2
145 4
146 2
147 4
148 4
149 2
150 4
