x
1 1
2 7
3 7
4 7
5 1
6 7
7 7
8 7
9 7
10 7
11 1
12 7
13 7
14 7
15 7
16 1
17 1
18 1
19 1
20 1
21 1
22 1
23 7
24 1
25 1
26 7
27 1
28 1
29 1
30 1
31 7
32 1
33 1
34 1
35 7
36 7
37 1
38 7
39 7
40 1
41 1
42 7
43 7
44 1
45 1
46 7
47 1
48 7
49 1
50 7
51 5
52 5
53 5
54 3
55 5
56 5
57 5
58 3
59 5
60 3
61 3
62 5
63 3
64 5
65 3
66 5
67 5
68 3
69 5
70 3
71 6
72 3
73 5
74 5
75 5
76 5
77 5
78 6
79 5
80 3
81 3
82 3
83 3
84 6
85 5
86 5
87 5
88 5
89 5
90 3
91 3
92 5
93 3
94 5
95 3
96 3
97 3
98 3
99 3
100 3
101 2
102 8
103 8
104 6
105 2
106 8
107 5
108 8
109 8
110 4
111 6
112 6
113 2
114 6
115 2
116 2
117 6
118 4
119 8
120 5
121 2
122 6
123 8
124 6
125 2
126 8
127 6
128 6
129 6
130 8
131 8
132 4
133 2
134 5
135 6
136 8
137 2
138 6
139 6
140 2
141 2
142 2
143 6
144 2
145 2
146 2
147 6
148 6
149 2
150 6
