x
1 1
2 7
3 7
4 7
5 12
6 12
7 1
8 7
9 7
10 1
11 1
12 1
13 12
14 12
15 12
16 12
17 12
18 12
19 12
20 12
21 1
22 12
23 1
24 1
25 1
26 1
27 1
28 12
29 1
30 1
31 1
32 12
33 12
34 12
35 1
36 7
37 12
38 1
39 1
40 1
41 12
42 7
43 7
44 12
45 12
46 7
47 12
48 7
49 12
50 1
51 5
52 9
53 5
54 3
55 5
56 3
57 5
58 9
59 3
60 3
61 9
62 10
63 9
64 5
65 3
66 5
67 10
68 3
69 11
70 9
71 10
72 3
73 11
74 5
75 5
76 5
77 5
78 6
79 10
80 9
81 9
82 9
83 3
84 11
85 10
86 10
87 5
88 11
89 5
90 3
91 3
92 5
93 3
94 9
95 3
96 3
97 3
98 3
99 9
100 3
101 2
102 6
103 8
104 6
105 2
106 8
107 10
108 8
109 8
110 4
111 6
112 6
113 6
114 6
115 2
116 2
117 6
118 4
119 8
120 11
121 2
122 6
123 6
124 6
125 2
126 8
127 6
128 6
129 6
130 8
131 8
132 4
133 2
134 11
135 11
136 8
137 2
138 6
139 6
140 2
141 2
142 2
143 6
144 2
145 2
146 2
147 6
148 6
149 2
150 6
