x
1 1
2 6
3 6
4 6
5 1
6 1
7 6
8 1
9 6
10 6
11 1
12 6
13 6
14 6
15 1
16 1
17 1
18 1
19 1
20 1
21 1
22 1
23 1
24 1
25 1
26 6
27 1
28 1
29 1
30 6
31 6
32 1
33 1
34 1
35 6
36 6
37 1
38 6
39 6
40 1
41 1
42 6
43 6
44 1
45 1
46 6
47 1
48 6
49 1
50 6
51 8
52 3
53 8
54 3
55 8
56 3
57 8
58 5
59 8
60 3
61 5
62 3
63 5
64 8
65 3
66 8
67 3
68 3
69 8
70 5
71 4
72 3
73 8
74 3
75 8
76 8
77 8
78 4
79 8
80 5
81 5
82 5
83 3
84 8
85 3
86 8
87 8
88 8
89 3
90 3
91 3
92 8
93 3
94 5
95 3
96 3
97 3
98 8
99 5
100 3
101 2
102 4
103 7
104 4
105 2
106 7
107 3
108 7
109 4
110 2
111 2
112 4
113 2
114 4
115 2
116 7
117 4
118 7
119 7
120 8
121 2
122 4
123 7
124 4
125 2
126 7
127 4
128 2
129 4
130 7
131 7
132 2
133 2
134 8
135 8
136 7
137 2
138 4
139 4
140 2
141 2
142 2
143 4
144 2
145 2
146 2
147 4
148 4
149 2
150 4
