x
1 1
2 6
3 6
4 6
5 1
6 11
7 1
8 1
9 6
10 6
11 11
12 1
13 6
14 6
15 11
16 11
17 11
18 1
19 11
20 11
21 1
22 1
23 1
24 1
25 1
26 6
27 1
28 1
29 1
30 6
31 6
32 1
33 1
34 11
35 6
36 6
37 1
38 6
39 6
40 1
41 1
42 6
43 6
44 1
45 11
46 6
47 11
48 6
49 11
50 1
51 8
52 3
53 8
54 3
55 8
56 3
57 8
58 5
59 8
60 3
61 5
62 3
63 5
64 8
65 3
66 8
67 3
68 3
69 10
70 5
71 9
72 3
73 8
74 8
75 8
76 8
77 8
78 9
79 8
80 5
81 5
82 5
83 3
84 10
85 3
86 8
87 8
88 10
89 3
90 3
91 3
92 8
93 3
94 5
95 3
96 3
97 3
98 8
99 5
100 3
101 2
102 4
103 7
104 9
105 2
106 7
107 3
108 7
109 9
110 2
111 4
112 9
113 7
114 4
115 4
116 2
117 9
118 7
119 2
120 10
121 2
122 4
123 7
124 9
125 2
126 7
127 9
128 2
129 4
130 7
131 7
132 7
133 4
134 10
135 10
136 7
137 2
138 9
139 9
140 2
141 2
142 2
143 4
144 2
145 2
146 2
147 4
148 9
149 2
150 9
