x
1 1
2 1
3 1
4 1
5 1
6 1
7 1
8 1
9 1
10 1
11 1
12 1
13 1
14 1
15 1
16 1
17 1
18 1
19 1
20 1
21 1
22 1
23 1
24 1
25 1
26 1
27 1
28 1
29 1
30 1
31 1
32 1
33 1
34 1
35 1
36 1
37 1
38 1
39 1
40 1
41 1
42 1
43 1
44 1
45 1
46 1
47 1
48 1
49 1
50 1
51 5
52 3
53 5
54 3
55 5
56 3
57 5
58 3
59 5
60 3
61 3
62 5
63 3
64 5
65 3
66 5
67 5
68 3
69 5
70 3
71 5
72 3
73 3
74 5
75 5
76 5
77 5
78 5
79 5
80 3
81 3
82 3
83 3
84 5
85 5
86 5
87 5
88 5
89 5
90 3
91 3
92 5
93 3
94 3
95 3
96 3
97 3
98 3
99 3
100 5
101 2
102 4
103 4
104 2
105 2
106 4
107 3
108 4
109 2
110 4
111 2
112 2
113 2
114 5
115 2
116 2
117 2
118 4
119 4
120 5
121 2
122 5
123 4
124 5
125 2
126 4
127 5
128 5
129 2
130 4
131 4
132 4
133 2
134 5
135 5
136 4
137 2
138 2
139 5
140 2
141 2
142 2
143 5
144 2
145 2
146 2
147 5
148 2
149 2
150 5
