x
1 2
2 2
3 2
4 2
5 5
6 5
7 2
8 2
9 2
10 2
11 5
12 2
13 2
14 2
15 5
16 5
17 5
18 5
19 5
20 5
21 5
22 5
23 2
24 2
25 2
26 2
27 2
28 5
29 2
30 2
31 2
32 5
33 5
34 5
35 2
36 2
37 5
38 2
39 2
40 2
41 2
42 2
43 2
44 5
45 5
46 2
47 5
48 2
49 5
50 2
51 10
52 10
53 10
54 1
55 10
56 1
57 10
58 7
59 10
60 1
61 7
62 1
63 1
64 10
65 1
66 10
67 1
68 1
69 10
70 1
71 4
72 1
73 10
74 10
75 1
76 10
77 10
78 4
79 10
80 7
81 7
82 7
83 1
84 4
85 1
86 10
87 10
88 10
89 1
90 1
91 1
92 10
93 1
94 7
95 1
96 1
97 1
98 10
99 7
100 1
101 8
102 4
103 3
104 4
105 8
106 3
107 9
108 8
109 3
110 6
111 4
112 4
113 8
114 4
115 8
116 8
117 4
118 6
119 3
120 8
121 8
122 4
123 3
124 4
125 8
126 3
127 4
128 4
129 8
130 3
131 3
132 6
133 8
134 10
135 4
136 6
137 8
138 4
139 4
140 8
141 8
142 8
143 4
144 8
145 8
146 8
147 4
148 4
149 8
150 4
