x
1 2
2 2
3 2
4 2
5 2
6 5
7 2
8 2
9 2
10 2
11 5
12 2
13 2
14 2
15 5
16 5
17 5
18 2
19 5
20 5
21 2
22 5
23 2
24 2
25 2
26 2
27 2
28 2
29 2
30 2
31 2
32 2
33 5
34 5
35 2
36 2
37 5
38 2
39 2
40 2
41 2
42 2
43 2
44 2
45 5
46 2
47 5
48 2
49 5
50 2
51 4
52 1
53 4
54 1
55 4
56 1
57 4
58 7
59 1
60 1
61 7
62 1
63 7
64 1
65 7
66 1
67 1
68 1
69 1
70 7
71 4
72 1
73 4
74 1
75 1
76 1
77 4
78 4
79 1
80 7
81 7
82 7
83 7
84 4
85 1
86 1
87 4
88 1
89 1
90 7
91 1
92 1
93 1
94 7
95 1
96 1
97 1
98 1
99 7
100 1
101 8
102 4
103 8
104 8
105 8
106 3
107 1
108 8
109 8
110 6
111 8
112 4
113 8
114 4
115 8
116 8
117 8
118 6
119 3
120 8
121 8
122 4
123 3
124 4
125 8
126 3
127 4
128 4
129 8
130 8
131 3
132 6
133 8
134 8
135 4
136 6
137 8
138 8
139 4
140 8
141 8
142 8
143 4
144 8
145 8
146 8
147 4
148 8
149 8
150 4
