x
1 1
2 6
3 6
4 6
5 1
6 1
7 1
8 1
9 6
10 6
11 1
12 6
13 6
14 6
15 1
16 1
17 1
18 1
19 1
20 1
21 1
22 1
23 1
24 1
25 1
26 6
27 1
28 1
29 1
30 6
31 6
32 1
33 1
34 1
35 6
36 6
37 1
38 6
39 6
40 1
41 1
42 6
43 6
44 1
45 1
46 6
47 1
48 6
49 1
50 6
51 3
52 3
53 3
54 5
55 3
56 3
57 3
58 5
59 3
60 5
61 5
62 3
63 5
64 3
65 5
66 3
67 3
68 5
69 3
70 3
71 4
72 3
73 3
74 3
75 3
76 3
77 3
78 4
79 3
80 5
81 5
82 5
83 5
84 3
85 3
86 3
87 3
88 3
89 3
90 5
91 5
92 3
93 5
94 5
95 5
96 3
97 3
98 3
99 5
100 3
101 2
102 4
103 7
104 2
105 2
106 7
107 3
108 7
109 4
110 2
111 4
112 4
113 2
114 4
115 4
116 2
117 4
118 7
119 2
120 4
121 2
122 4
123 7
124 4
125 2
126 7
127 4
128 4
129 4
130 7
131 7
132 2
133 2
134 3
135 4
136 7
137 2
138 4
139 4
140 2
141 2
142 2
143 4
144 2
145 4
146 2
147 4
148 2
149 2
150 4
