x
1 2
2 2
3 2
4 2
5 5
6 5
7 2
8 2
9 2
10 2
11 5
12 2
13 2
14 2
15 5
16 5
17 5
18 2
19 5
20 5
21 5
22 5
23 2
24 2
25 2
26 2
27 2
28 5
29 2
30 2
31 2
32 5
33 5
34 5
35 2
36 2
37 5
38 2
39 2
40 2
41 2
42 2
43 2
44 5
45 5
46 2
47 5
48 2
49 5
50 2
51 4
52 4
53 4
54 1
55 4
56 1
57 4
58 1
59 4
60 1
61 1
62 1
63 1
64 4
65 1
66 4
67 4
68 1
69 4
70 1
71 4
72 1
73 4
74 4
75 4
76 4
77 4
78 4
79 4
80 1
81 1
82 1
83 1
84 4
85 1
86 4
87 4
88 4
89 1
90 1
91 1
92 4
93 1
94 1
95 1
96 1
97 1
98 4
99 1
100 1
101 4
102 4
103 3
104 6
105 6
106 3
107 1
108 3
109 6
110 3
111 6
112 6
113 6
114 4
115 6
116 6
117 6
118 3
119 3
120 4
121 6
122 4
123 3
124 4
125 6
126 3
127 4
128 4
129 6
130 3
131 3
132 3
133 6
134 6
135 4
136 3
137 6
138 6
139 4
140 6
141 6
142 6
143 4
144 6
145 6
146 6
147 4
148 6
149 6
150 4
