ARI: 0.6674655317398958
minSplit: 0
Partition: 
[ 2  2  2  2  2  2  2  1  1  1  1  1  1  1  1  1  1  1  2  2  2  2  2  2
  2  2  2  1  1  1  1  1  1  1  1  1  1  1  1  1  1  1  1  2  2  2  2  2
  2  2  2  2  2  2  1  1  1  1  1  1  1  1  1  1  1  1  1  1  1  1  1  1
  1  1  1  1  1  1  1  1  1  1  2  2  1  1  1  2  2  2  2  2  2  2  2  2
  2  2  1  1  1  1  1  1  1  1  1  1 11 11 11 11 11 11 11 11 11 11 11 11
 11 11 11 11 11 11 11 11 11 11 11 11  7  7  7  7  7  8  8  7  7  7  7  7
  7  7  7  7  7  8  8  7  7  7  7  7  7  7  7  6  6  6  6  6  6  6  6  6
  6  6  6  6  6  6  6  6  6  6  6  6  6  6  6  6  6  6  6  6  6  6  6  6
  6  6  6  6  6  6  6  6  6  6  6  6  6  6  6  6  6  6  6  6  6  6  6  6
  6  6  6  6  6  6  6  6  6  6  6  6  6  6  6  6  9  9  9  9  9  9  9  9
  9  9  9  9  9  9  9  9  9  9  9  9  9  9  9  9  9  9  9  9  9  9  0  9
  0  0  0  0  0  0  0  0  0  0  0  0  0  0  0  0  9  0  0  0  0  0  0  0
  0  0  0  0  0  0  0  0  0  0  0  0  0  0  0  0  0  0  0  0  0  0  0  0
  0  0  0  0  0  0  0  0  0  0  0  0  0  0  0  0  0  0  0  0  0  0  0  0
  0  0  0  0  0  0  0  0  0  0  3  3  3  3 12 12 12  3  3  3  3  3  3  3
 12 12 12 12 12 12 12  3  3  3  3 12 12 12 12 12 12 12  3  3  3 12 12 12
 12 12 12 12 12 12 12 12 12 12 12 12 12 12 12 12 12 12 12 12 12 12 12 12
 12 12 12 12 12 12  3  3 12 12 12 12  3  3  3 12 12 12  3  3  3  3  3 12
 12 12  3  3 12  3  4  4  4  4  4  4  4  4  4  4  4  4  4  4  4  4  4  4
  4  4  4  4  4  4  4  4  4  4  4  4  4  4 10  5  5  4  4  4  5  5  5  5
  5  4  4  4  5  5  5 10  5  5  5  5  5  4  4  4  4  4  5  5  5  5  5  5
  5  5  5  5  5  5  5  5  5  5  5  5  5  5  4  5  5  5  5  5  5  4  4  5
  5  5  5  5  5 10  5 10  5  5  5  5  5  5  5  5  5  5  5  5  5  5  5  5
  5  5  5  5  5  5  5  5  5  5  5  5  5  5  5  5  5  5  5  5  5  5  5  5
  5  5  5  5  5  5  5  5  5  5  5  5]