ARI: 0.6905357886714905
minSplit: 0.21999999999999997
Partition: 
[ 0  0  0  0  0  0  0  0  0  0  0  0  0  0  0  0  0  0  0  0  0  0  0  0
  0  0  0  0  0  0  0  0  0  0  0  0  0  0  0  0  0  0  0  0  0  0  0  0
  0  0  0  0  0  0  0  0  0  0  0  0  0  0  0  0  0  0  0  0  0  0  0  0
  0  0  0  0  0  0  0  0  0  0  0  0  0  0  0  0  0  0  0  0  0  0  0  0
  0  0  0  0  0  0  0  0  0  0  0  0 12 12 12 12 12 12 12 12 12 12 12 12
 12 12 12 12 12 12 12 12 12 12 12 12  2  2  2  2  2  2  2  2  2  2  2  2
  2  2  2  2  2  2  2  2  2  2  2  2  2  2  2  7  7  7  7  7  7  7  7  7
  7  7  7  7  7  7  7  7  7  7  7  7  7  7  7  7  7  7  7  7  7  7  7  7
  7  7  7  7  7  7  7  7  7  7  7  7  7  7  7  7  7  7  7  7  7  7  7  7
  7  7  7  7  7  7  7  7  7  7  7  7  7  7  7  7  3  3  3  3  3  3  3  3
  3  3  3  3  3  3  3  3  3  3  3  3  3  3  3  3  3  3  3  3  3  3  3  3
  3  3  3  3  3  3  3  3  5  5  5  5  5  5  5  5  3  3  3  3  3  3  3  3
  3  3  3  3  3  3  3  3  5  5  5  5  5  5  5  5  5  5  3  5  5  3  3  3
  3  3  3  3  3  3  3  3  3  6  3  3  3  3  3  3  3  3  3  3  3  3  3  3
  3  3  3  3  3  3  3  3  3  3  4  4  4  4 11 11 11  4  4  4  4  4  4  4
  9 11 11 11 11 11 11  4  4  4  4 11 11 11 11 11 11 11  4  4  4 11 11 11
 11 11  9  9  9  9  9  9  9  9  9  9  9  9  9  9  9  9  9  9  9  9  9  9
  9  9  9  9  9  9  4  4 11 11 11 11  4  4  4 11 11 11  4  4  4  4  4 11
  4 11  4  4 11  4  1  1  1  1  1  1  1  1  1  1  1  1  1  1  1  1  1  1
  1  1  1  1  1  1  1  1  1  1  1  1  1  1 10 10 10  1  1  1  1  1  1  1
  1  1  1  1 10 10 10 10 10 10 10 10  1  1  1  1  1  1  1  1  1  1  1  1
  1  1  1  1  1  1  1  1  1  1  1  1  1  1  1 10 10 10 10 10 10  1  1  1
  1  1  1  1  1 10 10 10  1 10 10 10 10 10  1  1  1  1  1  1  1  1  1 10
  1  1  1  1  1  1  1  1  1  1  1  1  1  1  1  1  1  1  8  1  1  1  1  1
  1 10  1  1  1  1  1  1  1  1  1  1]