x
1 1
2 1
3 1
4 1
5 1
6 1
7 1
8 1
9 1
10 1
11 1
12 1
13 1
14 1
15 1
16 1
17 1
18 1
19 1
20 1
21 1
22 1
23 1
24 1
25 1
26 1
27 1
28 1
29 1
30 1
31 1
32 1
33 1
34 1
35 1
36 1
37 1
38 1
39 1
40 1
41 1
42 1
43 1
44 1
45 1
46 1
47 1
48 1
49 1
50 1
51 3
52 4
53 4
54 3
55 4
56 3
57 4
58 3
59 4
60 3
61 3
62 4
63 3
64 4
65 3
66 4
67 4
68 3
69 3
70 3
71 4
72 3
73 4
74 4
75 4
76 4
77 4
78 4
79 4
80 3
81 3
82 3
83 3
84 3
85 4
86 4
87 4
88 3
89 3
90 3
91 3
92 4
93 3
94 3
95 3
96 3
97 3
98 4
99 3
100 3
101 2
102 4
103 2
104 2
105 2
106 2
107 4
108 2
109 2
110 2
111 2
112 2
113 2
114 4
115 2
116 2
117 2
118 2
119 2
120 4
121 2
122 4
123 2
124 4
125 2
126 2
127 4
128 2
129 2
130 2
131 2
132 2
133 2
134 4
135 4
136 2
137 2
138 2
139 4
140 2
141 2
142 2
143 4
144 2
145 2
146 2
147 4
148 2
149 2
150 4
