ARI: 0.764043547097684
minSplit: 0
Partition: 
[ 8  8  8  8  8  8  8  8  8  8  8  8  8  8  8  8  8  8  8  8  8  8  8  8
  8  8  8  8  8  8  8  8  8  8  8  8  8  8  8  8  8  8  8  8  8  8  8  8
  8  8  8  8  8  8  8  8  8  8  8  8  8  8  8  8  8  8  8  8  8  8  8  8
  8  8  8  8  8  8  8  8  8  8  8  8  8  8  8  8  8  8  8  8  8  8  8  8
  8  8  8  8  8  8  8  8  8  8  8  8 11 11 11 11 11 11 11 11 11 11 11 11
 11 11 11 11 11 11 11 11 11 11 11 11  6  6  6  6  6  7  7  6  6  6  6  6
  6  6  6  6  6  7  7  6  6  6  6  6  6  6  6  5  5  5  5  5  5  5  5  5
  5  5  5  5  5  5  5  5  5  5  5  5  5  5  5  5  5  5  5  5  5  5  5  5
  5  5  5  5  5  5  5  5  5  5  5  5  5  5  5  5  5  5  5  5  5  5  5  5
  5  5  5  5  5  5  5  5  5  5  5  5  5  5  5  5 10 10 10 10 10 10 10 10
 10 10 10 10 10 10 10 10 10 10 10 10 10 10 10 10 10 10 10 10 10 10  9 10
  1  1  1  1  1  1  1  1  0  0  0  0  0  0  0  0 10  1  1  1  1  1  1  1
  1  1  1  1  1  1  0  0  0  0  0  0  0  0  0  0  0  0  1  0  0  1  1  1
  1  0  0  0  0  0  0  0  0  0  0  0  0  0  0  0  0  0  0  0  0  0  0  0
  0  0  0  0  0  0  0  0  0  0  4  4  4  4  4  4  4  4  4  4  4  4 12  4
  4  4  4  4  4  4  4  4  4  4  4  4  4  4  4  4  4  4  4  4  4  4  4  4
  4  4  4  4  4  4  4  4  4  4  4  4  4  4  4  4  4  4  4  4  4  4  4  4
  4  4  4  4  4  4  4  4  4  4  4  4  4  4  4  4  4  4  4  4  4  4  4  4
  4  4  4  4  4  4  2  2  2  2  2  2  2  2  2  2  2  2  2  2  2  2  2  2
  2  2  2  2  2  2  2  2  2  2  2  2  2  2  3  3  3  2  2  2  3  3  3  3
  3  2  2  2  3  3  3  3  3  3  3  3  3  2  3  2  2  3  3  3  3  3  3  3
  3  3  3  3  3  3  3  3  3  3  3  3  3  3  2  3  3  3  3  3  3  2  2  3
  3  3  3  3  3  3  3  3  3  3  3  3  3  3  3  3  3  3  3  3  3  3  3  3
  3  3  3  3  3  3  3  3  3  3  3  3  3  3  3  3  3  3  3  3  3  3  3  3
  3  3  3  3  3  3  3  3  3  3  3  3]