ARI: 0.6019895406808724
minSplit: 0.24
Partition: 
[ 2  2  2  2  2  2  2  2  2  2  2  8  8  8  8  8  8  8  2  2  2  2  2  2
  2  2  2  2  2  2  2  2  2  2  8  8  8  8  8  8  8  8  8  2  2  2  2  2
  2  2  2  2  2  2  2  2  2  2  2  2  2  2  8  8  2  2  2  2  8  8  8  8
  8  8  8  8  8  2  2  2  2  8  2  8  8  8  8  2  2  2  2  2  2  2  2  2
  2  2  8  8  8  8  2  8  8  8  8  8 12 12 12 12 12 12 12 12 12 12 12 12
 12 12 12 12 12 12 12 12 12 12 12 12  0  0  0  0  0  0  0  0  0  0  0  0
  0  0  0  0  0  0  0  0  0  0  0  0  0  0  0  7  7  7  7  7  7  7  7  7
  7  7  7  7  7  7  7  7  7  7  7  7  7  7  7  7  7  7  7  7  7  7  7  7
  7  7  7  7  7  7  7  7  7  7  7  7  7  7  7  7  7  7  7  7  7  7  7  7
  7  7  7  7  7  7  7  7  7  7  7  7  7  7  7  7  4  4  4  4  4  4  4  4
  4  4  4  4  4  4  4  4  4  4  4  4  4  4  4  4  4  4  4  4  4  4  3  4
  3  3  3  3  3  3  3  3  9  9  9  9  9  9  9  9  4  3  3  3  3  3  3  3
  3  3  3  3  3  3  9  9  9  9  9  9  9  9  9  9  9  9  3  9  9  3  3  3
  3  9  9  9  9  9  9  9  9  6  9  9  9  9  9  9  9  9  9  9  9  9  9  9
  9  9  9  9  9  9  9  9  9  9  1  1  1  1  1  1  1  1  1  1  1  1  1  1
  1  1  1  1  1  1  1  1  1  1  1  1  1  1  1  1  1  1  1  1  1  1  1  1
  1  1  1  1  1  1  1  1  1  1  1  1  1  1  1  1  1  1  1  1  1  1  1  1
  1  1  1  1  1  1  1  1  1  1  1  1  1  1  1  1  1  1  1  1  1  1  1  1
  1  1  1  1  1  1 10 10 10 10 10 10 10 10 10 10 10 10 10 10 10 10 10 10
 10 10 10 10 10 10 10 10 10 10 10 10 10 10  5  5 10 10 10 10 10 10 10 10
 10 10 10 10 10  5  5  5  5  5  5 10 10 10 10 10 10 10 10 10 10 10 10 10
 10 10 10 10 10 10 10 10 10 10 10 10 10 10 10  5  5  5  5  5 10 10 10 10
 10 10 10 10 10  5  5  5 10  5  5  5  5 10 10 10 10 10 10 10 10 10 10 10
 10 10 10 10 10 10 10 10 10 10 10 10 10 10 10 10 10 10 11 10 10 10 10 10
 10 10 10 10 10 10 10 10 10 10 10 10]