ARI: 0.6408801930630431
minSplit: 0.24
Partition: 
[ 7  7  7  7  7  7  7  4  4  4  4  4  4  4  4  4  4  4  7  7  7  7  7  7
  7  7  7  4  4  4  4  4  4  4  4  4  4  4  4  4  4  4  4  7  7  7  7  7
  7  7  7  7  7  7  4  4  4  4  4  4  4  4  4  4  4  4  4  4  4  4  4  4
  4  4  4  4  4  4  4  4  4  4  7  7  4  4  4  7  7  7  7  7  7  7  7  7
  7  7  4  4  4  4  4  4  4  4  4  4 11 11 11 11 11 11 11 11 11 11 11 11
 11 11 11 11 11 11 11 11 11 11 11 11  1  1  1  1  1  1  1  1  1  1  1  1
  1  1  1  1  1  1  1  1  1  1  1  1  1  1  1  6  6  6  6  6  6  6  6  6
  6  6  6  6  6  6  6  6  6  6  6  6  6  6  6  6  6  6  6  6  6  6  6  6
  6  6  6  6  6  6  6  6  6  6  6  6  6  6  6  6  6  6  6  6  6  6  6  6
  6  6  6  6  6  6  6  6  6  6  6  6  6  6  6  6  0  0  0  0  0  0  0  0
  0  0  0  0  0  0  0  0  0  0  0  0  0  0  0  0  0  0  0  0  0  0  0  0
  0  0  0  0  0  0  0  0 12  0  0  0  0  0  0  0  0  0  0  0  0  0  0  0
  0  0  0  0  0  0  0  0  0  0  0  0  0  0  0  0  0  0  0  0  0  0  0  0
  0  0  0  0  0  0  0  0  0  0  0  0  0  0  0  0  0  0  0  0  0  0  0  0
  0  0  0  0  0  0  0  0  0  0  8  8  8  8  8  8  8  8  8  8  8  8  9  8
 10  8  8  8  8  8  8  8  8  8  8  8  8  8  8  8  8  8  8  8  8  8  8  8
  8  8 10 10 10 10 10 10 10 10 10 10 10 10 10 10 10 10 10 10 10 10 10 10
 10 10 10 10 10 10  8  8  8  8  8  8  8  8  8  8  8  8  8  8  8  8  8  8
  8  8  8  8  8  8  5  5  5  5  5  5  5  5  5  5  5  5  5  5  5  5  5  5
  5  5  5  5  5  5  5  5  5  5  5  5  5  5  3  3  3  5  5  5  2  2  2  2
  2  5  5  5  3  3  3  3  3  3  3  3  2  2  2  5  5  2  2  2  2  2  2  2
  2  2  2  2  2  2  2  2  2  2  2  2  2  2  5  3  3  3  3  3  3  5  5  2
  2  2  2  2  2  3  3  3  3  3  3  3  3  3  2  2  2  2  2  2  2  2  2  3
  2  2  2  2  2  2  2  2  2  2  2  2  2  2  2  2  2  2  2  2  2  2  2  2
  2  3  2  2  2  2  2  2  2  2  2  2]