BP. Km.
[0.506, 0.512, 0.519]

Kmeans
[0.571, 0.532, 0.573, 0.497, 0.514]

EAC
[0.576, 0.657, 0.641]

Constr EAC
[[0.576, 0.572, 0.572], [0.657, 0.657, 0.657], [0.641, 0.641, 0.641]]

COP
[[0.471, 0.512, 0.579, 0.495, 0.515], [0.542, 0.512, 0.567, 0.582, 0.557], [0.501, 0.563, 0.498, 0.547, 0.507]]

COP EAC
[[0.555, 0.708, 0.704], [0.555, 0.696, 0.568], [0.704, 0.6, 0.654]]

ILP-COP4
[[0.558, 0.712, 0.697], [0.547, 0.692, 0.562], [0.708, 0.612, 0.654]]

ILP-Km4
[[0.569, 0.573, 0.571], [0.648, 0.656, 0.662], [0.655, 0.645, 0.651]]

