ILP-Km25
[[0.654, 0.653, 0.648, 0.655, 0.649], [0.638, 0.63, 0.632, 0.625, 0.634], [0.604, 0.606, 0.602, 0.602, 0.604], [0.746, 0.751, 0.745, 0.744, 0.749], [0.603, 0.601, 0.601, 0.608, 0.603], [0.576, 0.568, 0.57, 0.573, 0.57], [0.627, 0.625, 0.626, 0.62, 0.627], [0.568, 0.569, 0.574, 0.574, 0.572], [0.635, 0.636, 0.641, 0.639, 0.636], [0.601, 0.591, 0.594, 0.599, 0.597]]

ILP-COP25
[[0.698, 0.606, 0.559, 0.678, 0.617], [0.599, 0.712, 0.594, 0.687, 0.612], [0.586, 0.638, 0.738, 0.689, 0.691], [0.602, 0.606, 0.589, 0.692, 0.635], [0.607, 0.699, 0.705, 0.689, 0.624], [0.735, 0.703, 0.708, 0.616, 0.539], [0.696, 0.61, 0.71, 0.678, 0.718], [0.606, 0.612, 0.633, 0.675, 0.704], [0.614, 0.609, 0.601, 0.604, 0.71], [0.648, 0.702, 0.695, 0.586, 0.602]]

ILP-Km10
[[0.628, 0.628, 0.619, 0.629, 0.627], [0.605, 0.598, 0.604, 0.595, 0.606], [0.597, 0.593, 0.592, 0.595, 0.597], [0.722, 0.726, 0.719, 0.719, 0.719], [0.579, 0.578, 0.576, 0.581, 0.574], [0.575, 0.568, 0.569, 0.574, 0.564], [0.616, 0.615, 0.616, 0.612, 0.616], [0.567, 0.569, 0.572, 0.573, 0.57], [0.606, 0.609, 0.614, 0.62, 0.606], [0.574, 0.571, 0.572, 0.577, 0.575]]

ILP-COP10
[[0.698, 0.599, 0.559, 0.673, 0.612], [0.596, 0.708, 0.583, 0.681, 0.608], [0.586, 0.627, 0.725, 0.686, 0.686], [0.601, 0.603, 0.561, 0.688, 0.626], [0.599, 0.696, 0.719, 0.682, 0.622], [0.711, 0.7, 0.675, 0.609, 0.535], [0.697, 0.603, 0.687, 0.671, 0.719], [0.598, 0.608, 0.618, 0.674, 0.7], [0.606, 0.602, 0.588, 0.594, 0.704], [0.645, 0.697, 0.699, 0.574, 0.594]]

ILP-Km5
[[0.623, 0.621, 0.623, 0.631, 0.623], [0.616, 0.611, 0.614, 0.605, 0.614], [0.586, 0.583, 0.584, 0.582, 0.587], [0.731, 0.728, 0.727, 0.725, 0.723], [0.595, 0.594, 0.591, 0.597, 0.595], [0.554, 0.548, 0.548, 0.551, 0.549], [0.599, 0.599, 0.597, 0.594, 0.599], [0.55, 0.553, 0.555, 0.555, 0.554], [0.612, 0.617, 0.618, 0.622, 0.612], [0.594, 0.592, 0.591, 0.594, 0.592]]

ILP-COP5
[[0.7, 0.598, 0.558, 0.689, 0.612], [0.588, 0.715, 0.567, 0.68, 0.589], [0.55, 0.637, 0.717, 0.675, 0.69], [0.591, 0.598, 0.554, 0.675, 0.622], [0.601, 0.691, 0.706, 0.705, 0.614], [0.689, 0.698, 0.674, 0.63, 0.525], [0.693, 0.601, 0.678, 0.663, 0.721], [0.602, 0.608, 0.627, 0.686, 0.693], [0.618, 0.598, 0.593, 0.584, 0.693], [0.627, 0.709, 0.693, 0.586, 0.585]]

