BP Km
[0.527, 0.513, 0.518, 0.52, 0.507, 0.498, 0.52, 0.505, 0.514, 0.509]

Kmeans
[0.52, 0.544, 0.581, 0.554, 0.581, 0.57, 0.516, 0.591, 0.552, 0.554]

EAC
[0.657, 0.633, 0.607, 0.751, 0.604, 0.575, 0.631, 0.577, 0.642, 0.6]

Constr EAC
[[0.657, 0.657, 0.758, 0.758, 0.758], [0.633, 0.633, 0.716, 0.716, 0.716], [0.607, 0.607, 0.705, 0.705, 0.705], [0.751, 0.751, 0.678, 0.678, 0.678], [0.604, 0.604, 0.74, 0.74, 0.74], [0.575, 0.575, 0.656, 0.684, 0.684], [0.631, 0.631, 0.735, 0.722, 0.722], [0.577, 0.577, 0.671, 0.671, 0.671], [0.642, 0.642, 0.763, 0.691, 0.691], [0.6, 0.6, 0.678, 0.678, 0.678]]

COP
[[0.548, 0.495, 0.597, 0.553, 0.54], [0.494, 0.63, 0.563, 0.57, 0.56], [0.563, 0.621, 0.563, 0.552, 0.464], [0.582, 0.576, 0.549, 0.621, 0.539], [0.513, 0.521, 0.55, 0.592, 0.535]]

COP EAC
[[0.706, 0.608, 0.572, 0.691, 0.616], [0.612, 0.725, 0.605, 0.701, 0.615], [0.587, 0.649, 0.74, 0.703, 0.689], [0.606, 0.613, 0.61, 0.704, 0.649], [0.614, 0.705, 0.701, 0.701, 0.624], [0.736, 0.706, 0.732, 0.627, 0.541], [0.707, 0.613, 0.732, 0.692, 0.718], [0.613, 0.616, 0.638, 0.688, 0.703], [0.618, 0.613, 0.61, 0.612, 0.705], [0.645, 0.705, 0.706, 0.602, 0.604]]

