Kmeans
[93.6, 93.6, 94.0, 93.6, 94.4, 94.4, 92.8, 93.6, 94.0, 94.4]

EAC
[94.4, 93.2, 93.6, 95.2, 93.6, 93.2, 94.4, 92.4, 95.2, 93.6]

Constr EAC
[[94.0, 96.0, 94.0, 92.0, 100.0], [94.0, 94.0, 96.0, 96.0, 98.0], [94.0, 94.0, 94.0, 92.0, 98.0], [96.0, 94.0, 94.0, 90.0, 98.0], [94.0, 94.0, 94.0, 94.0, 100.0], [94.0, 94.0, 98.0, 90.0, 98.0], [94.0, 94.0, 98.0, 96.0, 98.0], [94.0, 94.0, 92.0, 94.0, 94.0], [96.0, 96.0, 98.0, 90.0, 100.0], [94.0, 98.0, 96.0, 90.0, 100.0]]

COP EAC
[[100.0, 100.0, 98.0, 98.0, 100.0], [100.0, 100.0, 98.0, 98.0, 100.0], [98.0, 100.0, 98.0, 98.0, 100.0], [98.0, 100.0, 98.0, 98.0, 94.0], [98.0, 100.0, 100.0, 98.0, 96.0], [100.0, 100.0, 100.0, 98.0, 100.0], [100.0, 100.0, 98.0, 96.0, 98.0], [100.0, 100.0, 98.0, 98.0, 96.0], [100.0, 100.0, 98.0, 100.0, 96.0], [100.0, 100.0, 100.0, 98.0, 96.0]]

