-- Anchors details --

H= 50
final number of anchors: 23

Default partition with H clusters: 
[ 0  1  1  1  0  2  1  3  1  1  4  5  1  1  6  7  8  0  9  1 10  1  1  0
  3  0  0 11  0  1  1 12 13 14  1  1  4  1  1  0  0  1  1  0  4  1  4  1
  4  1 15 15 15 16 15 17 15 18 15 16 19 20 21 22 16 15 20 17 23 16 24 25
 26 22 27 15 15 15 28 16 16 16 29 30 17 15 15 31 17 16 16 22 20 32 17 17
 17 17 33 17 34 24 35 36 34 37 38 37 39 40 36 41 34 42 43 44 36 37 37 45
 34 24 37 24 34 35 46 24 36 35 37 37 36 47 48 37 36 36 24 34 34 44 24 34
 34 44 37 36 44 49]
Updated partition (where clusters with only one element have been merged with their closest neighbor): 
[ 0  1  1  1  0  6  1  3  1  1  4  3  1  1  6  6  6  0  6  1 11  1  1  0
  3  0  0 11  0  1  1 11  6  6  1  1  4  1  1  0  0  1  1  0  4  1  4  1
  4  1 15 15 15 16 15 17 15 19 15 16 19 20 30 22 16 15 20 17 31 16 24 17
 45 22 15 15 15 15 31 16 16 16 30 30 17 15 15 31 17 16 16 22 20 19 17 17
 17 17 19 17 34 24 35 36 34 37 17 37 34 35 36 36 34 46 49 44 36 37 37 45
 34 24 37 24 34 35 46 24 36 35 37 37 36 24 49 37 36 36 24 34 34 44 24 34
 34 44 37 36 44 49]
Anchors ID: 
[0, 1, 7, 44, 5, 20, 58, 53, 88, 57, 66, 63, 70, 62, 87, 124, 102, 116, 105, 115, 72, 113, 114]
Anchors position: 
[[5.1, 3.5, 1.4, 0.2], [4.9, 3.0, 1.4, 0.2], [5.0, 3.4, 1.5, 0.2], [5.1, 3.8, 1.9, 0.4], [5.4, 3.9, 1.7, 0.4], [5.4, 3.4, 1.7, 0.2], [6.6, 2.9, 4.6, 1.3], [5.5, 2.3, 4.0, 1.3], [5.6, 3.0, 4.1, 1.3], [4.9, 2.4, 3.3, 1.0], [5.6, 3.0, 4.5, 1.5], [6.1, 2.9, 4.7, 1.4], [5.9, 3.2, 4.8, 1.8], [6.0, 2.2, 4.0, 1.0], [6.3, 2.3, 4.4, 1.3], [6.7, 3.3, 5.7, 2.1], [7.1, 3.0, 5.9, 2.1], [6.5, 3.0, 5.5, 1.8], [7.6, 3.0, 6.6, 2.1], [6.4, 3.2, 5.3, 2.3], [6.3, 2.5, 4.9, 1.5], [5.7, 2.5, 5.0, 2.0], [5.8, 2.8, 5.1, 2.4]]

Partition with K clusters: 
[1 1 1 1 1 1 1 1 1 1 1 1 1 1 1 1 1 1 1 1 1 1 1 1 1 1 1 1 1 1 1 1 1 1 1 1 1
 1 1 1 1 1 1 1 1 1 1 1 1 1 0 0 0 0 0 0 0 0 0 0 0 0 0 0 0 0 0 0 0 0 0 0 0 0
 0 0 0 0 0 0 0 0 0 0 0 0 0 0 0 0 0 0 0 0 0 0 0 0 0 0 0 0 2 0 0 2 0 2 0 2 0
 0 0 0 0 0 0 2 2 0 0 0 2 0 0 2 0 0 0 2 2 2 0 0 0 2 0 0 0 0 0 0 0 0 0 0 2 0
 0 0]
