-- Anchors details --

H= 50
final number of anchors: 25

Default partition with H clusters: 
[ 0  1  1  1  0  2  1  3  1  1  4  5  1  1  2  2  2  0  2  1  6  1  1  7
  3  0  7  8  0  1  1  9  2  2  1  1 10  1  1 11 12  1  1 13  4  1  4  1
  4  1 14 14 14 15 14 16 14 17 14 15 17 18 19 20 15 14 16 21 22 15 23 21
 24 20 25 14 14 14 26 15 15 15 19 19 16 14 14 27 21 15 15 20 16 17 21 21
 21 21 17 21 28 23 29 30 28 31 32 31 33 31 34 35 36 37 38 30 30 31 31 39
 28 23 31 40 28 41 42 23 30 43 31 31 30 44 45 31 30 30 23 46 28 30 23 28
 28 30 31 47 48 49]
Updated partition (where clusters with only one element have been merged with their closest neighbor): 
[ 0  1  1  1  0  2  1  3  1  1  4  3  1  1  2  2  2  0  2  1  8  1  1  7
  3  0  7  8  0  1  1  8  2  2  1  1  4  1  1  0  0  1  1  0  4  1  4  1
  4  1 14 14 14 15 14 16 14 17 14 15 17 16 19 20 15 14 16 21 27 15 23 21
 39 20 14 14 14 14 27 15 15 15 19 19 16 14 14 27 21 15 15 20 16 17 21 21
 21 21 17 21 28 23 41 30 28 31 15 31 36 31 47 47 36 42 23 30 30 31 31 39
 28 23 31 44 28 41 42 23 30 41 31 31 30 44 23 31 30 30 23 36 28 30 23 28
 28 30 31 47 30 23]
Anchors ID: 
[0, 3, 5, 24, 10, 23, 20, 51, 53, 66, 57, 62, 63, 88, 70, 68, 124, 132, 105, 112, 72, 102, 113, 123, 110]
Anchors position: 
[[5.1, 3.5, 1.4, 0.2], [4.6, 3.1, 1.5, 0.2], [5.4, 3.9, 1.7, 0.4], [4.8, 3.4, 1.9, 0.2], [5.4, 3.7, 1.5, 0.2], [5.1, 3.3, 1.7, 0.5], [5.4, 3.4, 1.7, 0.2], [6.4, 3.2, 4.5, 1.5], [5.5, 2.3, 4.0, 1.3], [5.6, 3.0, 4.5, 1.5], [4.9, 2.4, 3.3, 1.0], [6.0, 2.2, 4.0, 1.0], [6.1, 2.9, 4.7, 1.4], [5.6, 3.0, 4.1, 1.3], [5.9, 3.2, 4.8, 1.8], [6.2, 2.2, 4.5, 1.5], [6.7, 3.3, 5.7, 2.1], [6.4, 2.8, 5.6, 2.2], [7.6, 3.0, 6.6, 2.1], [6.8, 3.0, 5.5, 2.1], [6.3, 2.5, 4.9, 1.5], [7.1, 3.0, 5.9, 2.1], [5.7, 2.5, 5.0, 2.0], [6.3, 2.7, 4.9, 1.8], [6.5, 3.2, 5.1, 2.0]]

Partition with K clusters: 
[1 1 1 1 1 1 1 1 1 1 1 1 1 1 1 1 1 1 1 1 1 1 1 1 1 1 1 1 1 1 1 1 1 1 1 1 1
 1 1 1 1 1 1 1 1 1 1 1 1 1 0 0 0 0 0 0 0 0 0 0 0 0 0 0 0 0 0 0 0 0 0 0 0 0
 0 0 0 0 0 0 0 0 0 0 0 0 0 0 0 0 0 0 0 0 0 0 0 0 0 0 0 0 2 0 0 2 0 2 0 2 0
 0 0 0 0 0 0 2 2 0 0 0 2 0 0 2 0 0 0 2 2 2 0 0 0 2 0 0 0 0 0 0 0 0 0 0 2 0
 0 0]
