-- Anchors details --

H= 50
final number of anchors: 28

Default partition with H clusters: 
[ 0  1  1  1  0  2  1  3  1  1  4  5  1  1  2  2  2  0  2  1  6  1  1  0
  7  0  0  6  0  1  1  6  2  2  1  1  8  1  1  0  0  1  1  0  4  1  4  1
  4  1  9 10  9 11 10 12 10 13 10 14 15 12 11 16 14 10 12 17 18 11 19 20
 21 16 22 10 23  9 24 11 11 11 25 11 12  9 10 18 26 11 11 16 12 27 26 26
 26 26 28 26 29 19 30 31 29 32 33 32 34 35 36 37 29 38 39 40 31 41 32 42
 29 19 32 43 29 44 45 19 31 46 32 41 31 47 48 32 31 31 19 29 29 40 19 29
 29 40 41 36 40 49]
Updated partition (where clusters with only one element have been merged with their closest neighbor): 
[ 0  1  1  1  0  2  1  7  1  1  4  7  1  1  2  2  2  0  2  1  6  1  1  0
  7  0  0  6  0  1  1  6  2  2  1  1  4  1  1  0  0  1  1  0  4  1  4  1
  4  1  9 10  9 11 10 12 10 15 10 14 15 12 11 16 14 10 12 25 18 11 19 26
 42 16 10 10 10  9 16 11 11 11 25 11 12  9 10 18 26 11 11 16 12 15 26 26
 26 26 15 26 29 19 35 31 29 32 12 32 31 35 36 36 29 45 45 40 31 41 32 42
 29 19 32 47 29 46 45 19 31 46 32 41 31 47 36 32 31 31 19 29 29 40 19 29
 29 40 41 36 40 45]
Anchors ID: 
[0, 3, 16, 46, 20, 24, 50, 58, 53, 55, 59, 57, 73, 68, 70, 67, 88, 124, 103, 105, 102, 111, 115, 117, 72, 113, 125, 123]
Anchors position: 
[[5.1, 3.5, 1.4, 0.2], [4.6, 3.1, 1.5, 0.2], [5.4, 3.9, 1.3, 0.4], [5.1, 3.8, 1.6, 0.2], [5.4, 3.4, 1.7, 0.2], [4.8, 3.4, 1.9, 0.2], [7.0, 3.2, 4.7, 1.4], [6.6, 2.9, 4.6, 1.3], [5.5, 2.3, 4.0, 1.3], [5.7, 2.8, 4.5, 1.3], [5.2, 2.7, 3.9, 1.4], [4.9, 2.4, 3.3, 1.0], [6.1, 2.8, 4.7, 1.2], [6.2, 2.2, 4.5, 1.5], [5.9, 3.2, 4.8, 1.8], [5.8, 2.7, 4.1, 1.0], [5.6, 3.0, 4.1, 1.3], [6.7, 3.3, 5.7, 2.1], [6.3, 2.9, 5.6, 1.8], [7.6, 3.0, 6.6, 2.1], [7.1, 3.0, 5.9, 2.1], [6.4, 2.7, 5.3, 1.9], [6.4, 3.2, 5.3, 2.3], [7.7, 3.8, 6.7, 2.2], [6.3, 2.5, 4.9, 1.5], [5.7, 2.5, 5.0, 2.0], [7.2, 3.2, 6.0, 1.8], [6.3, 2.7, 4.9, 1.8]]

Partition with K clusters: 
[1 1 1 1 1 1 1 1 1 1 1 1 1 1 1 1 1 1 1 1 1 1 1 1 1 1 1 1 1 1 1 1 1 1 1 1 1
 1 1 1 1 1 1 1 1 1 1 1 1 1 0 0 0 0 0 0 0 0 0 0 0 0 0 0 0 0 0 0 0 0 0 0 0 0
 0 0 0 0 0 0 0 0 0 0 0 0 0 0 0 0 0 0 0 0 0 0 0 0 0 0 0 0 2 0 0 2 0 2 0 2 0
 0 0 0 0 0 0 2 2 0 0 0 2 0 0 2 0 0 0 2 2 2 0 0 0 2 0 0 0 0 0 0 0 0 0 0 2 0
 0 0]
