-- Anchors details --

H= 50
final number of anchors: 25

Default partition with H clusters: 
[ 0  1  1  1  0  2  1  3  1  1  4  5  1  1  2  2  2  0  2  1  6  1  1  0
  3  0  0  7  0  1  1  8  2  2  1  1  4  1  1  0  0  1  1  0  4  1  4  1
  4  1  9  9  9 10  9 11  9 12  9 10 12 11 13 14 10  9 15 16 17 10 18 19
 20 21 22  9  9 23 24 10 10 10 13 13 25  9  9 26 27 10 10 14 28 12 27 27
 27 27 12 27 29 18 30 31 32 33 34 35 36 37 31 38 39 40 41 42 31 33 33 43
 29 18 33 44 29 30 45 18 31 30 35 46 31 47 48 33 31 31 18 39 29 42 18 29
 29 42 33 31 42 49]
Updated partition (where clusters with only one element have been merged with their closest neighbor): 
[ 0  1  1  1  0  2  1  3  1  1  4  3  1  1  2  2  2  0  2  1  7  1  1  0
  3  0  0  7  0  1  1  7  2  2  1  1  4  1  1  0  0  1  1  0  4  1  4  1
  4  1  9  9  9 10  9 11  9 12  9 10 12 11 13 14 10  9 28 13 26 10 18 11
 43 14  9  9  9  9 26 10 10 10 13 13 28  9  9 26 27 10 10 14 28 12 27 27
 27 27 12 27 29 18 30 31 29 33 27 35 31 30 31 31 39 45 45 42 31 33 33 43
 29 18 33 18 29 30 45 18 31 30 35 33 31 18 45 33 31 31 18 39 29 42 18 29
 29 42 33 31 42 45]
Anchors ID: 
[0, 2, 14, 24, 36, 20, 51, 53, 55, 57, 62, 63, 70, 87, 88, 66, 124, 102, 103, 105, 107, 112, 115, 72, 113]
Anchors position: 
[[5.1, 3.5, 1.4, 0.2], [4.7, 3.2, 1.3, 0.2], [5.8, 4.0, 1.2, 0.2], [4.8, 3.4, 1.9, 0.2], [5.5, 3.5, 1.3, 0.2], [5.4, 3.4, 1.7, 0.2], [6.4, 3.2, 4.5, 1.5], [5.5, 2.3, 4.0, 1.3], [5.7, 2.8, 4.5, 1.3], [4.9, 2.4, 3.3, 1.0], [6.0, 2.2, 4.0, 1.0], [6.1, 2.9, 4.7, 1.4], [5.9, 3.2, 4.8, 1.8], [6.3, 2.3, 4.4, 1.3], [5.6, 3.0, 4.1, 1.3], [5.6, 3.0, 4.5, 1.5], [6.7, 3.3, 5.7, 2.1], [7.1, 3.0, 5.9, 2.1], [6.3, 2.9, 5.6, 1.8], [7.6, 3.0, 6.6, 2.1], [7.3, 2.9, 6.3, 1.8], [6.8, 3.0, 5.5, 2.1], [6.4, 3.2, 5.3, 2.3], [6.3, 2.5, 4.9, 1.5], [5.7, 2.5, 5.0, 2.0]]

Partition with K clusters: 
[1 1 1 1 1 1 1 1 1 1 1 1 1 1 1 1 1 1 1 1 1 1 1 1 1 1 1 1 1 1 1 1 1 1 1 1 1
 1 1 1 1 1 1 1 1 1 1 1 1 1 0 0 0 0 0 0 0 0 0 0 0 0 0 0 0 0 0 0 0 0 0 0 0 0
 0 0 0 0 0 0 0 0 0 0 0 0 0 0 0 0 0 0 0 0 0 0 0 0 0 0 0 0 2 0 0 2 0 2 0 2 0
 0 0 0 0 0 0 2 2 0 0 0 2 0 0 2 0 0 0 2 2 2 0 0 0 2 0 0 0 0 0 0 0 0 0 0 2 0
 0 0]
