-- Anchors details --

H= 50
final number of anchors: 26

Default partition with H clusters: 
[ 0  1  1  1  0  2  1  3  1  1  4  5  1  1  2  2  2  0  2  1  0  1  1  6
  7  0  8  0  0  1  1  0  2  2  1  1  4  1  1  0  0  1  1  0  4  1  4  1
  4  1  9 10  9 11 10 12 10 13 10 11 13 14 15 16 11 10 12 17 18 11 19 20
 21 16 10 10 10 22 23 11 11 11 17 24 25  9 10 26 17 11 11 16 12 13 17 17
 17 17 13 17 27 19 28 29 27 28 30 28 31 32 33 34 35 36 37 38 39 28 28 40
 27 19 28 41 27 28 42 19 38 28 28 28 38 43 44 28 38 45 19 46 27 47 19 27
 27 48 28 33 38 49]
Updated partition (where clusters with only one element have been merged with their closest neighbor): 
[ 0  1  1  1  0  2  1  7  1  1  4  7  1  1  2  2  2  0  2  1  0  1  1  8
  7  0  8  0  0  1  1  0  2  2  1  1  4  1  1  0  0  1  1  0  4  1  4  1
  4  1  9 10  9 11 10 12 10 13 10 11 13 12 24 16 11 10 12 17 26 11 19 17
 40 16 10 10 10  9 26 11 11 11 17 24 12  9 10 26 17 11 11 16 12 13 17 17
 17 17 13 17 27 19 28 39 27 28 11 28 38 28 33 39 46 42 42 38 39 28 28 40
 27 19 28 19 27 28 42 19 38 28 28 28 38 19 49 28 38 39 19 46 27 48 19 27
 27 48 28 33 38 49]
Anchors ID: 
[0, 2, 14, 48, 24, 23, 52, 51, 53, 66, 57, 63, 88, 70, 62, 87, 100, 117, 110, 132, 103, 72, 113, 112, 141, 134]
Anchors position: 
[[5.1, 3.5, 1.4, 0.2], [4.7, 3.2, 1.3, 0.2], [5.8, 4.0, 1.2, 0.2], [5.3, 3.7, 1.5, 0.2], [4.8, 3.4, 1.9, 0.2], [5.1, 3.3, 1.7, 0.5], [6.9, 3.1, 4.9, 1.5], [6.4, 3.2, 4.5, 1.5], [5.5, 2.3, 4.0, 1.3], [5.6, 3.0, 4.5, 1.5], [4.9, 2.4, 3.3, 1.0], [6.1, 2.9, 4.7, 1.4], [5.6, 3.0, 4.1, 1.3], [5.9, 3.2, 4.8, 1.8], [6.0, 2.2, 4.0, 1.0], [6.3, 2.3, 4.4, 1.3], [6.3, 3.3, 6.0, 2.5], [7.7, 3.8, 6.7, 2.2], [6.5, 3.2, 5.1, 2.0], [6.4, 2.8, 5.6, 2.2], [6.3, 2.9, 5.6, 1.8], [6.3, 2.5, 4.9, 1.5], [5.7, 2.5, 5.0, 2.0], [6.8, 3.0, 5.5, 2.1], [6.9, 3.1, 5.1, 2.3], [6.1, 2.6, 5.6, 1.4]]

Partition with K clusters: 
[1 1 1 1 1 1 1 1 1 1 1 1 1 1 1 1 1 1 1 1 1 1 1 1 1 1 1 1 1 1 1 1 1 1 1 1 1
 1 1 1 1 1 1 1 1 1 1 1 1 1 0 0 0 0 0 0 0 0 0 0 0 0 0 0 0 0 0 0 0 0 0 0 0 0
 0 0 0 0 0 0 0 0 0 0 0 0 0 0 0 0 0 0 0 0 0 0 0 0 0 0 0 0 2 0 0 2 0 2 0 2 0
 0 0 0 0 0 0 2 2 0 0 0 2 0 0 2 0 0 0 2 2 2 0 0 0 2 0 0 0 0 0 0 0 0 0 0 2 0
 0 0]
