-- Anchors details --

H= 50
final number of anchors: 27

Default partition with H clusters: 
[ 0  1  1  1  0  2  1  3  1  1  4  5  1  1  2  2  2  0  2  1  6  1  1  0
  7  0  0  6  0  1  1  6  2  2  1  1  8  1  1  0  0  9  1  0  8  1  8  1
  8  1 10 11 10 12 11 13 11 14 11 12 14 15 12 16 12 11 17 18 19 12 20 15
 21 22 23 11 11 10 24 12 12 12 25 12 17 10 11 26 18 12 12 27 17 14 18 18
 18 18 14 18 28 29 30 31 28 32 33 32 34 35 36 37 28 38 39 40 31 35 32 41
 28 42 32 43 28 35 44 45 31 35 32 35 31 46 47 32 31 31 48 28 28 40 42 28
 28 40 35 36 40 49]
Updated partition (where clusters with only one element have been merged with their closest neighbor): 
[ 0  1  1  1  0  2  1  7  1  1  2  7  1  1  2  2  2  0  2  1  6  1  1  0
  7  0  0  6  0  1  1  6  2  2  1  1  8  1  1  0  0  1  1  0  8  1  8  1
  8  1 10 11 10 12 11 15 11 14 11 12 14 15 12 27 12 11 17 18 26 12 48 15
 41 27 11 11 11 10 27 12 12 12 18 12 17 10 11 26 18 12 12 27 17 14 18 18
 18 18 14 18 28 42 35 31 28 32 17 32 31 35 36 47 28 44 44 40 31 35 32 41
 28 42 32 45 28 35 44 45 31 35 32 35 31 45 47 32 31 31 48 28 28 40 42 28
 28 40 35 36 40 44]
Anchors ID: 
[0, 3, 5, 20, 24, 46, 52, 51, 53, 57, 61, 66, 88, 68, 63, 124, 128, 105, 131, 110, 115, 72, 101, 113, 123, 111, 70]
Anchors position: 
[[5.1, 3.5, 1.4, 0.2], [4.6, 3.1, 1.5, 0.2], [5.4, 3.9, 1.7, 0.4], [5.4, 3.4, 1.7, 0.2], [4.8, 3.4, 1.9, 0.2], [5.1, 3.8, 1.6, 0.2], [6.9, 3.1, 4.9, 1.5], [6.4, 3.2, 4.5, 1.5], [5.5, 2.3, 4.0, 1.3], [4.9, 2.4, 3.3, 1.0], [5.9, 3.0, 4.2, 1.5], [5.6, 3.0, 4.5, 1.5], [5.6, 3.0, 4.1, 1.3], [6.2, 2.2, 4.5, 1.5], [6.1, 2.9, 4.7, 1.4], [6.7, 3.3, 5.7, 2.1], [6.4, 2.8, 5.6, 2.1], [7.6, 3.0, 6.6, 2.1], [7.9, 3.8, 6.4, 2.0], [6.5, 3.2, 5.1, 2.0], [6.4, 3.2, 5.3, 2.3], [6.3, 2.5, 4.9, 1.5], [5.8, 2.7, 5.1, 1.9], [5.7, 2.5, 5.0, 2.0], [6.3, 2.7, 4.9, 1.8], [6.4, 2.7, 5.3, 1.9], [5.9, 3.2, 4.8, 1.8]]

Partition with K clusters: 
[1 1 1 1 1 1 1 1 1 1 1 1 1 1 1 1 1 1 1 1 1 1 1 1 1 1 1 1 1 1 1 1 1 1 1 1 1
 1 1 1 1 1 1 1 1 1 1 1 1 1 0 0 0 0 0 0 0 0 0 0 0 0 0 0 0 0 0 0 0 0 0 0 0 0
 0 0 0 0 0 0 0 0 0 0 0 0 0 0 0 0 0 0 0 0 0 0 0 0 0 0 0 0 2 0 0 2 0 2 0 2 0
 0 0 0 0 0 0 2 2 0 0 0 2 0 0 2 0 0 0 2 2 2 0 0 0 2 0 0 0 0 0 0 0 0 0 0 2 0
 0 0]
