-- Anchors details --

H= 50
final number of anchors: 24

Default partition with H clusters: 
[ 0  1  1  1  0  2  1  3  1  1  4  5  1  1  2  2  2  0  2  1  4  1  1  0
  6  0  0  4  0  1  1  4  2  2  1  1  4  1  1  0  0  1  1  0  7  1  8  1
  4  1  9 10  9 11 12 13 14 15 16 11 15 17 18 19 11 20 13 21 22 11 23 24
 25 26 27 28 29  9 30 11 11 11 18 18 13  9 31 22 24 11 11 19 13 15 32 24
 24 33 15 24 34 23 35 36 34 35 37 35 38 35 39 40 34 41 42 43 43 35 35 44
 34 23 35 23 34 35 45 23 43 35 35 35 43 46 47 48 43 43 23 34 34 43 23 34
 34 43 35 39 43 49]
Updated partition (where clusters with only one element have been merged with their closest neighbor): 
[ 0  1  1  1  0  2  1  6  1  1  4  1  1  1  2  2  2  0  2  1  4  1  1  0
  6  0  0  4  0  1  1  4  2  2  1  1  4  1  1  0  0  1  1  0  8  1  8  1
  4  1  9 12  9 11 12 13 12 15 12 11 15 13 18 19 11 12 13 32 22 11 23 24
 46 19 12 12 12  9 22 11 11 11 18 18 13  9 12 22 24 11 11 19 13 15 32 24
 24 32 15 24 34 23 35 43 34 35 11 35 34 35 39 39 34 45 49 43 43 35 35 23
 34 23 35 23 34 35 45 23 43 35 35 35 43 46 49 35 43 43 23 34 34 43 23 34
 34 43 35 39 43 49]
Anchors ID: 
[0, 3, 14, 20, 7, 44, 50, 64, 51, 66, 57, 62, 63, 68, 70, 71, 94, 124, 117, 147, 103, 113, 72, 149]
Anchors position: 
[[5.1, 3.5, 1.4, 0.2], [4.6, 3.1, 1.5, 0.2], [5.8, 4.0, 1.2, 0.2], [5.4, 3.4, 1.7, 0.2], [5.0, 3.4, 1.5, 0.2], [5.1, 3.8, 1.9, 0.4], [7.0, 3.2, 4.7, 1.4], [5.6, 2.9, 3.6, 1.3], [6.4, 3.2, 4.5, 1.5], [5.6, 3.0, 4.5, 1.5], [4.9, 2.4, 3.3, 1.0], [6.0, 2.2, 4.0, 1.0], [6.1, 2.9, 4.7, 1.4], [6.2, 2.2, 4.5, 1.5], [5.9, 3.2, 4.8, 1.8], [6.1, 2.8, 4.0, 1.3], [5.6, 2.7, 4.2, 1.3], [6.7, 3.3, 5.7, 2.1], [7.7, 3.8, 6.7, 2.2], [6.5, 3.0, 5.2, 2.0], [6.3, 2.9, 5.6, 1.8], [5.7, 2.5, 5.0, 2.0], [6.3, 2.5, 4.9, 1.5], [5.9, 3.0, 5.1, 1.8]]

Partition with K clusters: 
[1 1 1 1 1 1 1 1 1 1 1 1 1 1 1 1 1 1 1 1 1 1 1 1 1 1 1 1 1 1 1 1 1 1 1 1 1
 1 1 1 1 1 1 1 1 1 1 1 1 1 0 0 0 0 0 0 0 0 0 0 0 0 0 0 0 0 0 0 0 0 0 0 0 0
 0 0 0 0 0 0 0 0 0 0 0 0 0 0 0 0 0 0 0 0 0 0 0 0 0 0 0 0 2 0 0 2 0 2 0 2 0
 0 0 0 0 0 0 2 2 0 0 0 2 0 0 2 0 0 0 2 2 2 0 0 0 2 0 0 0 0 0 0 0 0 0 0 2 0
 0 0]
