-- Anchors details --

H= 50
final number of anchors: 26

Default partition with H clusters: 
[ 0  1  1  1  0  2  1  3  1  1  2  4  1  1  2  2  2  0  2  1  5  1  1  6
  3  0  6  5  0  1  1  5  2  2  1  1  7  1  1  0  0  1  1  0  2  1  2  1
  2  1  8  8  8  9  8 10  8 11  8  9 12 13 14 15  9  8 13 10 16  9 17 10
 18 19  8  8  8 20 21  9  9  9 22 23 10  8  8 24 10  9  9 25 13 26 10 10
 10 10 27 10 28 29 30 31 28 32 33 32 34 35 36 37 38 39 40 31 31 41 32 42
 28 29 32 43 28 30 44 45 31 30 32 41 31 43 46 32 31 31 47 38 28 31 29 28
 28 31 41 36 48 49]
Updated partition (where clusters with only one element have been merged with their closest neighbor): 
[ 0  1  1  1  0  2  1  3  1  1  2  3  1  1  2  2  2  0  2  1  5  1  1  6
  3  0  6  5  0  1  1  5  2  2  1  1  2  1  1  0  0  1  1  0  2  1  2  1
  2  1  8  8  8  9  8 10  8 12  8  9 12 13 23 25  9  8 13 10 24  9 45 10
 42 25  8  8  8  8 25  9  9  9 23 23 10  8  8 24 10  9  9 25 13 12 10 10
 10 10 12 10 28 29 30 31 28 32 10 32 38 41 36 36 38 44 29 31 31 41 32 42
 28 29 32 43 28 30 44 45 31 30 32 41 31 43 43 32 31 31 45 38 28 31 29 28
 28 31 41 36 31 44]
Anchors ID: 
[0, 3, 14, 24, 20, 23, 51, 53, 88, 57, 66, 62, 68, 63, 124, 101, 102, 116, 105, 147, 112, 117, 72, 123, 113, 70]
Anchors position: 
[[5.1, 3.5, 1.4, 0.2], [4.6, 3.1, 1.5, 0.2], [5.8, 4.0, 1.2, 0.2], [4.8, 3.4, 1.9, 0.2], [5.4, 3.4, 1.7, 0.2], [5.1, 3.3, 1.7, 0.5], [6.4, 3.2, 4.5, 1.5], [5.5, 2.3, 4.0, 1.3], [5.6, 3.0, 4.1, 1.3], [4.9, 2.4, 3.3, 1.0], [5.6, 3.0, 4.5, 1.5], [6.0, 2.2, 4.0, 1.0], [6.2, 2.2, 4.5, 1.5], [6.1, 2.9, 4.7, 1.4], [6.7, 3.3, 5.7, 2.1], [5.8, 2.7, 5.1, 1.9], [7.1, 3.0, 5.9, 2.1], [6.5, 3.0, 5.5, 1.8], [7.6, 3.0, 6.6, 2.1], [6.5, 3.0, 5.2, 2.0], [6.8, 3.0, 5.5, 2.1], [7.7, 3.8, 6.7, 2.2], [6.3, 2.5, 4.9, 1.5], [6.3, 2.7, 4.9, 1.8], [5.7, 2.5, 5.0, 2.0], [5.9, 3.2, 4.8, 1.8]]

Partition with K clusters: 
[1 1 1 1 1 1 1 1 1 1 1 1 1 1 1 1 1 1 1 1 1 1 1 1 1 1 1 1 1 1 1 1 1 1 1 1 1
 1 1 1 1 1 1 1 1 1 1 1 1 1 0 0 0 0 0 0 0 0 0 0 0 0 0 0 0 0 0 0 0 0 0 0 0 0
 0 0 0 0 0 0 0 0 0 0 0 0 0 0 0 0 0 0 0 0 0 0 0 0 0 0 0 0 2 0 0 2 0 2 0 2 0
 0 0 0 0 0 0 2 2 0 0 0 2 0 0 2 0 0 0 2 2 2 0 0 0 2 0 0 0 0 0 0 0 0 0 0 2 0
 0 0]
