-- Anchors details --

H= 50
final number of anchors: 26

Default partition with H clusters: 
[ 0  1  1  1  0  2  1  3  1  1  4  5  1  1  2  2  2  0  2  1  4  1  1  0
  3  0  0  4  0  1  1  4  2  2  1  1  4  1  1  0  0  1  1  0  4  1  4  1
  4  1  6  7  6  8  7  9  7 10  7  8 11  9 12 13  8  7  9 14 15  8 16 14
 17 18  7  7  7  6 19  8  8  8 20 21  9  6  7 15 14  8  8 13  9 22 14 14
 14 14 23 14 24 25 26 27 24 28 29 28 30 31 32 33 34 35 36 37 27 38 28 39
 24 40 28 41 24 26 42 40 27 26 28 43 27 44 45 28 27 27 46 24 24 47 16 24
 24 48 28 32 37 49]
Updated partition (where clusters with only one element have been merged with their closest neighbor): 
[ 0  1  1  1  0  2  1  3  1  1  4  3  1  1  2  2  2  0  2  1  4  1  1  0
  3  0  0  4  0  1  1  4  2  2  1  1  4  1  1  0  0  1  1  0  4  1  4  1
  4  1  6  7  6  8  7  9  7 11  7  8 11  9 21 13  8  7  9 14 15  8 16 14
 44 13  7  7  7  6 15  8  8  8 14 21  9  6  7 15 14  8  8 13  9 11 14 14
 14 14 11 14 24 40 26 27 24 28 14 28 27 26 32 45 24 42 42 37 27 28 28 16
 24 40 28 16 24 26 42 40 27 26 28 28 27 44 45 28 27 27 16 24 24 48 16 24
 24 48 28 32 37 42]
Anchors ID: 
[0, 3, 16, 24, 44, 50, 51, 53, 66, 57, 63, 67, 68, 70, 62, 120, 125, 128, 135, 110, 115, 101, 113, 72, 111, 141]
Anchors position: 
[[5.1, 3.5, 1.4, 0.2], [4.6, 3.1, 1.5, 0.2], [5.4, 3.9, 1.3, 0.4], [4.8, 3.4, 1.9, 0.2], [5.1, 3.8, 1.9, 0.4], [7.0, 3.2, 4.7, 1.4], [6.4, 3.2, 4.5, 1.5], [5.5, 2.3, 4.0, 1.3], [5.6, 3.0, 4.5, 1.5], [4.9, 2.4, 3.3, 1.0], [6.1, 2.9, 4.7, 1.4], [5.8, 2.7, 4.1, 1.0], [6.2, 2.2, 4.5, 1.5], [5.9, 3.2, 4.8, 1.8], [6.0, 2.2, 4.0, 1.0], [6.9, 3.2, 5.7, 2.3], [7.2, 3.2, 6.0, 1.8], [6.4, 2.8, 5.6, 2.1], [7.7, 3.0, 6.1, 2.3], [6.5, 3.2, 5.1, 2.0], [6.4, 3.2, 5.3, 2.3], [5.8, 2.7, 5.1, 1.9], [5.7, 2.5, 5.0, 2.0], [6.3, 2.5, 4.9, 1.5], [6.4, 2.7, 5.3, 1.9], [6.9, 3.1, 5.1, 2.3]]

Partition with K clusters: 
[1 1 1 1 1 1 1 1 1 1 1 1 1 1 1 1 1 1 1 1 1 1 1 1 1 1 1 1 1 1 1 1 1 1 1 1 1
 1 1 1 1 1 1 1 1 1 1 1 1 1 0 0 0 0 0 0 0 0 0 0 0 0 0 0 0 0 0 0 0 0 0 0 0 0
 0 0 0 0 0 0 0 0 0 0 0 0 0 0 0 0 0 0 0 0 0 0 0 0 0 0 0 0 2 0 0 2 0 2 0 2 0
 0 0 0 0 0 0 2 2 0 0 0 2 0 0 2 0 0 0 2 2 2 0 0 0 2 0 0 0 0 0 0 0 0 0 0 2 0
 0 0]
