-- Anchors details --

H= 50
final number of anchors: 28

Default partition with H clusters: 
[ 0  1  1  1  0  2  1  3  1  1  4  5  1  1  2  2  2  0  2  1  6  1  1  0
  3  0  0  6  0  1  1  6  2  2  1  1  4  1  1  0  0  7  1  0  8  1  9  1
  4  1 10 11 10 12 11 13 11 14 11 12 15 13 16 17 12 11 13 18 19 12 20 18
 21 22 11 11 11 10 23 12 12 12 18 24 25 10 11 26 18 12 12 17 13 27 18 18
 18 18 28 18 29 20 30 31 32 33 34 35 36 37 31 38 32 39 40 41 31 33 33 42
 32 20 33 20 32 30 43 20 31 30 44 37 31 45 46 33 31 31 20 32 32 47 20 32
 32 48 33 31 41 49]
Updated partition (where clusters with only one element have been merged with their closest neighbor): 
[ 0  1  1  1  0  2  1  3  1  1  4  3  1  1  2  2  2  0  2  1  6  1  1  0
  3  0  0  6  0  1  1  6  2  2  1  1  4  1  1  0  0  1  1  0  9  1  9  1
  4  1 10 11 10 12 11 13 11 15 11 12 15 13 24 17 12 11 13 18 22 12 20 18
 42 22 11 11 11 10 22 12 12 12 18 24 13 10 11 22 18 12 12 17 13 15 18 18
 18 18 15 18 32 20 30 31 32 33 12 44 31 37 31 46 32 43 43 41 31 33 33 42
 32 20 33 20 32 30 43 20 31 30 44 37 31 20 46 33 31 31 20 32 32 48 20 32
 32 48 33 31 41 43]
Anchors ID: 
[0, 3, 14, 24, 36, 20, 44, 50, 51, 53, 66, 57, 63, 88, 127, 68, 62, 125, 103, 124, 105, 109, 115, 72, 113, 107, 111, 141]
Anchors position: 
[[5.1, 3.5, 1.4, 0.2], [4.6, 3.1, 1.5, 0.2], [5.8, 4.0, 1.2, 0.2], [4.8, 3.4, 1.9, 0.2], [5.5, 3.5, 1.3, 0.2], [5.4, 3.4, 1.7, 0.2], [5.1, 3.8, 1.9, 0.4], [7.0, 3.2, 4.7, 1.4], [6.4, 3.2, 4.5, 1.5], [5.5, 2.3, 4.0, 1.3], [5.6, 3.0, 4.5, 1.5], [4.9, 2.4, 3.3, 1.0], [6.1, 2.9, 4.7, 1.4], [5.6, 3.0, 4.1, 1.3], [6.1, 3.0, 4.9, 1.8], [6.2, 2.2, 4.5, 1.5], [6.0, 2.2, 4.0, 1.0], [7.2, 3.2, 6.0, 1.8], [6.3, 2.9, 5.6, 1.8], [6.7, 3.3, 5.7, 2.1], [7.6, 3.0, 6.6, 2.1], [7.2, 3.6, 6.1, 2.5], [6.4, 3.2, 5.3, 2.3], [6.3, 2.5, 4.9, 1.5], [5.7, 2.5, 5.0, 2.0], [7.3, 2.9, 6.3, 1.8], [6.4, 2.7, 5.3, 1.9], [6.9, 3.1, 5.1, 2.3]]

Partition with K clusters: 
[1 1 1 1 1 1 1 1 1 1 1 1 1 1 1 1 1 1 1 1 1 1 1 1 1 1 1 1 1 1 1 1 1 1 1 1 1
 1 1 1 1 1 1 1 1 1 1 1 1 1 0 0 0 0 0 0 0 0 0 0 0 0 0 0 0 0 0 0 0 0 0 0 0 0
 0 0 0 0 0 0 0 0 0 0 0 0 0 0 0 0 0 0 0 0 0 0 0 0 0 0 0 0 2 0 0 2 0 2 0 2 0
 0 0 0 0 0 0 2 2 0 0 0 2 0 0 2 0 0 0 2 2 2 0 0 0 2 0 0 0 0 0 0 0 0 0 0 2 0
 0 0]
