ARI: 0.7530638812739794
minSplit: 0
Partition: 
[ 3  3  3  3  3  3  3  3  3  3  3  3  3  3  3  3  3  3  3  3  3  3  3  3
  3  3  3  3  3  3  3  3  3  3  3  3  3  3  3  3  3  3  3  3  3  3  3  3
  3  3  3  3  3  3  3  3  3  3  3  3  3  3  3  3  3  3  3  3  3  3  3  3
  3  3  3  3  3  3  3  3  3  3  3  3  3  3  3  3  3  3  3  3  3  3  3  3
  3  3  3  3  3  3  3  3  3  3  3  3 12 12 12 12 12 12 12 12 12 12 12 12
 12 12 12 12 12 12 12 12 12 12 12 12  8  8  8  8  8  6  6  8  8  8  8  8
  8  8  8  8  8  6  6  8  8  8  8  8  8  8  8  5  5  5  5  5  5  5  5  5
  5  5  5  5  5  5  5  5  5  5  5  5  5  5  5  5  5  5  5  5  5  5  5  5
  5  5  5  5  5  5  5  5  5  5  5  5  5  5  5  5  5  5  5  5  5  5  5  5
  5  5  5  5  5  5  5  5  5  5  5  5  5  5  5  5  1  1  1  1  1  1  1  1
  1  1  1  1  1  1  1  1  1  1  1  1  1  1  1  1  1  1  1  1  1  1  1  1
  9  9  9  9  9  9  9  9  0  0  0  0  0  0  0  0 11  9  9  9  9  9  9  9
  9  9  9  9  9  9  0  0  0  0  0  0  0  0  0  0  0  0  9  0  0  9  9  9
  9  0  0  0  0  0  0  0  0  0  0  0  0  0  0  0  0  0  0  0  0  0  0  0
  0  0  0  0  0  0  0  0  0  0  4  4  4  4  4  4  4  4  4  4  4  4  4  4
  4  4  4  4  4  4  4  4  4  4  4  4  4  4  4  4  4  4  4  4  4  4  4  4
  4  4  4  4  4  4  4  4  4  4  4  4  4  4  4  4  4  4  4  4  4  4  4  4
  4  4  4  4  4  4  4  4  4  4  4  4  4  4  4  4  4  4  4  4  4  4  4  4
  4  4  4  4  4  4  2  2  2  2  2  2  2  2  2  2  2  2  2  2  2  2  2  2
  2  2  2  2  2  2  2  2  2  2  2  2  2  2 10  2  2  2  2  2  2  2  2  2
  2  2  2  2  2  2  2 10  2  2  2  2  7  2  7  2  2  7  7  7  7  2  7  7
  2  2  2  2  2  2  2  2  2  2  2  2  7  7  2  2  2  2  2  2  2  2  2  2
  2  2  2  2  2 10  2 10  2  2  2  2  2  2  7  7  7  7  2  2  7  7  7  2
  7  7  7  7  7  7  7  7  7  7  2  7  7  7  7  7  7  2  2  2  7  7  7  7
  7  2  7  7  7  7  7  7  7  7  7  7]