127 140 11
128 90 181
14 151 200
171 170 53
117 175 167
138 111 50
2 33 193
183 188 5
36 61 33
33 68 176
198 146 40
56 179 184
94 86 44
182 39 91
79 127 159
202 187 111
207 74 5
147 60 48
2 19 44
184 60 134
190 128 170
103 79 37
66 92 189
117 156 163
77 53 17
29 136 181
36 34 123
149 51 111
136 211 173
89 55 164
81 76 40
187 141 11
17 35 120
96 120 48
128 160 35
174 45 26
179 154 48
181 197 127
61 125 75
5 15 149
102 16 66
189 11 55
153 124 21
56 165 175
143 44 193
169 199 155
62 129 183
70 131 206
167 130 134
204 41 22
22 68 98
45 43 170
34 57 168
120 92 196
71 162 57
31 53 187
161 19 1
139 91 207
32 7 63
15 8 116
202 98 49
77 71 9
15 50 116
9 195 212
208 65 149
199 101 58
108 93 36
158 120 123
132 36 149
91 32 192
185 119 66
119 95 112
46 124 211
126 125 114
165 27 61
159 95 142
102 39 189
166 46 45
89 112 21
52 26 33
122 185 182
90 101 89
179 167 106
97 94 72
165 79 186
169 36 82
60 30 93
60 160 104
200 72 89
49 87 206
20 42 115
110 102 49
149 12 102
179 59 143
52 88 121
33 81 76
105 71 66
68 30 186
58 73 160
61 69 122
