152 144 177
149 155 173
87 89 65
8 120 160
106 113 60
3 33 67
165 168 86
85 48 208
67 93 105
13 80 210
7 20 129
55 141 80
33 117 179
21 59 196
198 20 38
165 68 119
186 154 98
172 39 184
7 180 105
3 29 211
75 117 209
94 85 132
32 39 196
208 188 120
190 93 35
99 52 174
86 123 154
30 197 203
198 128 104
208 32 132
85 105 32
75 49 182
152 50 117
69 120 80
152 69 111
75 129 172
107 162 29
57 53 140
184 73 165
57 55 147
210 130 16
32 82 195
210 209 107
113 22 189
165 171 5
24 21 17
212 2 157
201 90 48
128 115 17
117 58 42
132 1 163
158 115 181
201 14 39
111 85 53
206 185 9
181 46 84
64 19 76
208 170 67
125 15 62
213 183 112
204 209 61
64 65 185
3 61 143
165 3 133
53 95 123
189 78 48
1 56 66
2 50 159
49 207 106
183 32 141
18 43 205
117 12 213
187 60 71
15 189 167
94 79 180
54 16 66
172 36 110
136 12 206
68 83 70
86 88 208
68 14 198
6 73 79
176 157 111
130 165 46
129 75 112
210 115 71
6 18 133
79 118 148
117 83 33
206 202 39
43 6 99
116 75 204
165 179 190
32 41 76
49 24 99
104 100 199
197 91 142
158 104 131
58 84 209
24 34 78
