136 140 35
33 65 43
85 9 154
150 155 54
123 96 184
56 31 105
14 71 104
191 182 68
149 7 119
15 52 146
0 25 158
28 32 3
81 48 50
104 74 205
152 145 17
61 25 90
187 29 104
66 161 174
110 140 205
187 1 94
50 76 174
134 119 65
77 145 13
41 27 47
107 181 177
33 167 108
65 79 188
167 128 185
11 200 105
137 143 46
46 40 205
102 127 191
48 62 16
135 89 59
197 156 107
148 10 66
137 114 166
61 0 165
108 137 139
143 193 173
35 59 146
46 177 208
136 7 189
88 133 209
11 156 160
192 93 116
91 145 184
105 51 199
177 13 1
139 147 190
152 63 164
88 90 84
168 53 152
94 69 188
210 209 46
96 19 193
137 149 146
60 134 116
21 43 24
11 29 54
177 64 63
163 82 7
60 179 191
109 210 149
56 33 1
212 59 133
193 164 151
124 63 192
124 134 90
184 8 97
50 72 79
173 28 114
192 180 129
69 135 106
102 16 146
171 24 130
80 125 128
71 140 206
178 53 197
87 124 110
134 43 191
85 3 13
108 69 156
79 73 53
42 125 100
26 48 89
88 137 6
66 57 10
66 178 89
127 63 10
5 120 99
157 40 197
45 34 41
34 63 90
204 206 76
206 140 40
17 11 139
121 160 66
111 75 54
0 85 211
