207 201 184
130 85 165
87 130 30
190 33 66
109 105 168
42 65 123
14 38 147
70 38 154
190 61 66
40 47 74
150 151 37
92 109 24
24 66 100
18 48 86
164 87 17
15 69 139
20 66 0
49 162 98
82 131 49
134 109 20
137 111 8
59 62 124
27 69 137
41 38 132
181 205 103
19 43 90
19 48 78
143 109 45
27 67 140
56 67 87
101 174 161
116 112 24
69 54 178
52 50 73
39 13 179
188 201 43
15 62 126
36 65 116
11 64 159
48 138 190
120 131 54
104 93 67
144 127 161
121 109 160
47 16 162
104 76 21
32 38 79
55 43 94
27 21 121
83 129 30
78 103 158
11 48 78
91 127 35
86 108 24
70 109 24
152 157 37
17 152 177
184 179 195
104 101 50
123 111 53
177 41 17
181 196 48
56 38 153
98 104 24
157 73 189
58 39 119
132 129 0
45 50 88
104 136 181
88 112 0
152 62 77
47 8 177
35 17 126
9 38 136
34 68 126
183 210 165
78 107 12
109 132 170
44 50 136
6 39 139
22 43 80
101 128 78
182 164 166
49 48 126
83 127 154
128 85 190
210 73 184
52 48 155
157 148 188
55 67 8
57 65 73
161 162 92
65 79 189
85 111 15
134 128 59
149 179 84
4 39 81
148 151 52
98 109 18
128 14 189
