105 25 163
81 14 149
33 156 207
182 51 25
89 1 193
94 59 203
105 91 41
153 140 139
46 36 178
118 122 4
79 88 167
41 46 17
2 33 63
143 128 37
132 144 196
61 30 113
38 19 76
147 160 23
60 124 83
207 159 146
177 154 188
12 156 135
102 148 179
166 99 125
1 26 204
196 194 176
110 155 15
56 82 87
14 38 104
172 15 177
52 121 183
174 211 110
55 15 51
148 190 107
186 4 90
158 44 211
72 136 48
36 188 185
15 9 66
52 74 205
54 3 110
207 61 142
93 73 7
45 86 197
83 123 160
122 70 3
9 128 131
31 83 158
141 111 24
49 142 98
88 99 205
110 204 162
26 3 41
59 137 103
101 30 67
86 90 185
108 98 66
188 174 84
68 20 84
149 77 80
140 128 58
62 155 93
1 55 115
190 90 63
110 29 210
174 25 77
125 162 172
101 71 130
73 3 64
206 94 11
109 88 9
185 179 69
38 131 201
70 83 145
161 113 6
167 33 17
14 49 170
103 188 19
178 38 200
42 58 181
138 25 43
11 25 78
22 30 59
68 41 198
196 159 9
5 118 123
85 148 16
131 112 110
144 88 143
24 0 72
94 6 46
6 138 131
176 60 76
90 122 170
15 147 110
170 197 29
87 95 54
32 88 191
88 106 154
134 95 182
