90 69 189
41 56 69
166 153 151
206 2 68
84 118 159
110 103 205
57 44 4
146 79 128
9 37 113
44 40 187
132 155 189
58 2 181
122 8 173
111 104 138
79 144 188
111 176 61
181 35 86
170 182 143
28 120 189
111 107 69
53 125 123
136 84 1
56 64 86
146 4 190
15 41 198
124 89 195
27 115 129
28 187 115
20 152 175
211 80 120
190 149 109
55 46 192
173 124 138
173 182 29
145 130 202
166 81 186
37 25 79
109 212 29
130 105 71
107 144 27
171 77 147
48 153 138
154 32 137
176 124 107
143 139 184
95 106 38
78 168 165
55 20 147
207 99 97
158 135 163
160 123 66
172 54 200
60 138 164
47 63 96
198 195 174
33 142 135
56 117 176
2 87 177
145 19 203
25 29 203
83 136 159
167 149 116
185 92 101
154 89 197
12 63 147
154 15 2
197 141 62
168 19 137
167 182 31
17 147 72
23 74 134
65 42 210
45 0 116
203 206 177
36 15 135
72 41 30
77 120 65
106 27 3
135 85 75
156 58 47
148 200 172
206 14 133
77 5 68
64 29 134
12 154 199
186 70 7
66 187 164
194 190 112
183 208 107
14 32 1
7 96 178
208 98 161
115 132 27
4 12 181
56 86 105
165 46 208
190 56 168
206 161 94
95 120 23
194 27 56
