80 99 93
69 26 9
43 78 125
8 30 95
57 128 144
42 81 97
79 55 38
62 130 105
90 83 127
12 95 149
51 144 130
13 7 59
35 23 93
127 79 2
146 115 49
137 105 117
93 59 24
120 127 118
38 57 139
75 60 19
33 5 4
1 49 21
108 51 9
135 104 28
49 56 107
30 49 13
53 71 34
132 144 12
138 121 44
4 80 121
67 66 125
106 102 49
79 99 17
26 106 76
62 18 49
66 11 13
111 101 148
4 128 107
129 21 30
126 94 6
82 73 54
117 145 40
140 61 49
75 105 33
38 89 76
12 53 108
108 134 75
122 77 45
128 132 64
132 129 88
106 85 37
120 63 89
75 71 131
59 77 106
22 123 100
36 4 111
57 76 148
90 97 115
41 25 5
41 63 56
96 92 97
37 130 131
55 111 27
90 144 24
98 55 30
42 123 104
15 29 76
124 111 122
4 79 60
47 12 117
142 45 0
144 44 47
3 69 68
63 54 110
79 141 49
12 126 144
17 21 133
82 104 25
135 71 13
123 36 2
98 82 94
40 66 105
47 92 136
48 96 121
0 60 146
24 105 122
107 56 8
101 110 68
88 144 135
79 55 74
114 99 21
2 22 50
65 83 64
143 130 146
58 129 44
106 101 103
108 50 71
115 127 20
105 149 24
6 55 83
