54 145 134
27 90 114
55 145 32
84 127 30
88 57 34
5 23 35
0 1 73
16 75 143
65 110 119
128 50 81
90 50 107
92 91 123
37 41 66
33 77 108
101 107 1
121 87 57
125 53 3
44 22 70
98 84 74
121 103 40
87 126 32
41 44 112
83 143 118
100 9 14
46 14 125
38 6 72
87 53 2
46 93 58
141 50 12
109 94 7
138 113 12
110 108 42
62 89 42
41 9 142
39 8 73
105 107 101
10 123 146
62 65 40
114 143 49
81 84 42
6 148 132
45 80 140
26 1 118
109 68 9
117 131 33
97 24 43
94 78 136
17 14 77
126 54 57
92 72 60
21 99 76
36 25 45
80 88 16
39 62 132
6 3 147
30 13 83
59 106 42
3 5 117
18 59 138
33 31 105
79 50 3
51 91 142
6 98 55
91 72 16
3 19 70
3 7 90
131 98 48
29 35 72
143 111 87
88 79 132
83 114 106
1 49 76
121 102 130
21 78 112
132 117 96
46 90 131
115 91 99
22 28 106
29 41 81
22 96 127
125 142 34
97 95 84
68 122 37
103 97 22
45 38 51
140 144 11
114 103 65
130 56 49
113 84 88
101 69 27
52 91 29
98 75 4
75 120 6
97 53 10
138 24 30
141 116 94
126 72 33
53 59 132
43 6 30
55 67 27
