39 65 100
145 83 7
53 142 27
136 111 99
124 80 35
24 32 64
29 47 39
7 60 82
135 105 121
57 112 122
106 96 40
133 91 14
57 148 136
146 135 95
94 73 148
35 28 25
59 23 12
42 23 94
56 127 149
43 40 136
29 81 140
57 9 8
56 145 31
95 72 148
22 141 118
47 37 107
128 144 77
138 7 14
50 96 140
37 47 8
87 108 17
29 8 93
75 128 38
1 115 125
40 128 105
53 68 52
133 119 13
121 127 3
52 95 45
89 53 32
129 139 18
25 32 95
23 110 124
3 64 73
37 29 133
100 133 118
96 92 85
147 76 1
17 78 54
26 5 81
84 73 74
115 57 10
138 21 10
82 73 8
45 44 59
48 50 129
88 98 14
43 7 91
23 5 136
144 109 135
79 95 55
69 37 45
36 53 109
93 89 83
9 45 18
104 54 9
7 8 116
27 86 111
58 113 100
147 105 29
144 126 38
110 21 38
69 23 29
137 55 38
108 130 20
79 87 128
16 13 52
146 93 15
39 26 50
57 61 17
7 19 24
29 38 91
108 18 8
9 35 87
84 65 33
7 112 135
132 146 8
63 101 132
114 79 28
90 93 134
22 91 118
96 10 0
69 88 19
46 35 60
15 78 130
6 30 80
20 52 120
92 80 22
105 100 31
102 100 79
