149 84 31
60 59 103
113 105 49
57 110 128
116 105 88
123 21 28
68 51 121
14 1 84
102 105 22
104 124 20
71 146 106
91 81 128
90 148 144
88 72 121
79 62 114
95 30 33
60 20 42
132 26 22
50 142 113
19 20 147
93 45 17
21 106 111
56 65 10
41 39 120
47 35 111
17 88 74
109 74 39
137 145 57
122 60 0
29 22 124
90 91 30
16 115 145
19 37 106
100 111 90
94 119 33
1 71 122
81 87 0
68 78 49
23 89 66
107 125 96
35 72 116
42 61 141
125 117 83
28 59 143
107 146 87
148 145 134
93 89 95
119 115 7
38 0 94
141 66 36
80 96 30
14 49 136
110 96 40
115 87 0
34 58 140
104 146 30
47 90 50
35 39 115
141 149 106
54 88 102
119 76 5
2 28 100
85 88 102
141 90 12
83 75 122
114 142 55
2 108 130
132 18 10
79 59 96
96 144 36
80 113 0
99 113 1
126 132 2
132 80 49
35 26 81
25 127 118
121 87 41
69 49 33
10 50 124
51 15 7
139 54 65
39 77 137
125 126 44
3 93 108
12 35 135
31 17 9
55 31 22
130 139 66
105 67 37
9 128 109
45 9 15
3 5 87
93 20 11
130 106 15
72 59 36
120 52 12
95 12 14
9 53 144
61 27 49
138 120 23
