139 103 14
143 55 88
134 74 4
76 55 121
0 138 143
109 67 53
28 36 123
113 127 23
57 39 17
77 125 22
140 56 33
42 78 72
123 124 136
130 83 84
18 126 144
55 60 102
55 60 16
71 80 39
136 120 12
46 72 133
85 51 87
96 72 50
32 36 137
8 79 64
98 23 37
98 11 113
25 111 104
119 89 26
131 116 42
65 26 0
95 66 123
58 83 25
34 19 104
42 9 102
100 123 1
19 9 42
127 105 4
89 0 118
108 104 59
10 4 92
12 31 110
40 149 147
131 29 42
7 25 82
83 124 27
70 110 148
24 18 96
61 52 108
140 97 20
106 87 20
3 89 145
21 68 114
105 23 25
139 48 40
3 22 58
91 53 124
53 71 68
120 102 51
60 0 118
109 117 19
41 133 143
138 73 18
114 79 11
61 34 22
19 84 124
92 66 0
141 89 29
12 33 129
66 96 139
100 149 22
40 14 95
117 131 72
144 146 10
92 93 31
51 69 21
136 15 13
42 48 136
115 131 48
75 101 10
128 134 45
80 62 140
74 52 108
115 146 32
57 3 0
96 37 4
6 11 111
115 149 16
98 67 26
42 89 117
86 114 117
77 82 131
46 94 111
86 23 38
28 0 1
21 14 76
50 58 115
61 73 112
58 85 67
13 66 129
149 112 67
