ARI: 0.577354964235532
minSplit: 0.26
Partition: 
[ 8  8  8  8  8  8  8 10 10  5  5  5  5  5  5  5  5  5  8  8  8  8  8  8
  8  8  8 10 10 10  5  5  5  5  5  5  5  5  5  5  5  5  5  8  8  8  8  8
  8  8  8  8  8  8 10 10 10 10 10  5  5  5  5  5  5  5  5  5  5  5  5  5
  5  5  5  5  5  5 10 10 10 10  8  8  5  5  5  8  8  8  8  8  8  8  8  8
  8  8  5  5  5  5  5  5  5  5  5  5 12 12 12 12 12 12 12 12 12 12 12 12
 12 12 12 12 12 12 12 12 12 12 12 12  7  7  7  7  7  9  9  7  7  7  7  7
  7  7  7  7  7  9  9  7  7  7  7  7  7  7  7  6  6  6  6  6  6  6  6  6
  6  6  6  6  6  6  6  6  6  6  6  6  6  6  6  6  6  6  6  6  6  6  6  6
  6  6  6  6  6  6  6  6  6  6  6  6  6  6  6  6  6  6  6  6  6  6  6  6
  6  6  6  6  6  6  6  6  6  6  6  6  6  6  6  6  1  1  1  1  1  1  1  1
  1  1  1  1  1  1  1  1  1  1  1  1  1  1  1  1  1  1  1  1  1  1 11  1
  2  2  2  2  2  2  2  2  2  2  2  2  2  2  2  2  1  2  2  2  2  2  2  2
  2  2  2  2  2  2  2  2  2  2  2  2  2  2  2  2  2  2  2  2  2  2  2  2
  2  2  2  2  2  2  2  2  2  2  2  2  2  2  2  2  2  2  2  2  2  2  2  2
  2  2  2  2  2  2  2  2  2  2  3  3  3  3  3  3  3  3  3  3  3  3  3  3
  3  3  3  3  3  3  3  3  3  3  3  3  3  3  3  3  3  3  3  3  3  3  3  3
  3  3  3  3  3  3  3  3  3  3  3  3  3  3  3  3  3  3  3  3  3  3  3  3
  3  3  3  3  3  3  3  3  3  3  3  3  3  3  3  3  3  3  3  3  3  3  3  3
  3  3  3  3  3  3  4  4  4  4  4  4  4  4  4  4  4  4  4  4  4  4  4  4
  4  4  4  4  4  4  4  4  4  4  4  4  4  4  0  0  0  4  4  4  4  4  4  4
  4  4  4  4  0  0  0  0  0  0  0  0  4  4  4  4  4  4  4  4  4  4  4  4
  4  4  4  4  4  4  4  4  4  4  4  4  4  4  4  0  0  0  0  0  0  4  4  4
  4  4  4  4  4  0  0  0  0  0  0  0  0  0  4  4  4  4  4  4  4  4  4  0
  4  4  4  4  4  4  4  4  4  4  4  4  4  4  4  4  4  4  4  4  4  4  4  4
  4  0  4  4  4  4  4  4  4  4  4  4]