ARI: 0.6189377166642339
minSplit: 0
Partition: 
[ 4  4  4  4  4  4  4  1  1  1  1  1  1  1  1  1  1  1  4  4  4  4  4  4
  4  4  4  1  1  1  1  1  1  1  1  1  1  1  1  1  1  1  1  4  4  4  4  4
  4  4  4  4  4  4  1  1  1  1  1  1  1  1  1  1  1  1  1  1  1  1  1  1
  1  1  1  1  1  1  1  1  1  1  4  4  1  1  1  4  4  4  4  4  4  4  4  4
  4  4  1  1  1  1  1  1  1  1  1  1 11 11 11 11 11 11 11 11 11 11 11 11
 11 11 11 11 11 11 11 11 11 11 11 11  6  6  6  6  6  7  7  6  6  6  6  6
  6  6  6  6  6  7  7  6  6  6  6  6  6  6  6  5  5  5  5  5  5  5  5  5
  5  5  5  5  5  5  5  5  5  5  5  5  5  5  5  5  5  5  5  5  5  5  5  5
  5  5  5  5  5  5  5  5  5  5  5  5  5  5  5  5  5  5  5  5  5  5  5  5
  5  5  5  5  5  5  5  5  5  5  5  5  5  5  5  5  3  3  3  3  3  3  3  3
  3  3  3  3  3  3  3  3  3  3  3  3  3  3  3  3  3  3  3  3  3  3  9  3
  0  0  0  0  0  0  0  0  0  0  0  0  0  0  0  0  3  0  0  0  0  0  0  0
  0  0  0  0  0  0  0  0  0  0  0  0  0  0  0  0  0  0  0  0  0  0  0  0
  0  0  0  0  0  0  0  0  0  0  0  0  0  0  0  0  0  0  0  0  0  0  0  0
  0  0  0  0  0  0  0  0  0  0  8  8  8  8  2  2  2  8  8  8  8  8 12  8
  2  2  2  2  2  2  2  8  8  8  8  2  2  2  2  2  2  2  8  8  8  2  2  2
  2  2  2  2  2  2  2  2  2  2  2  2  2  2  2  2  2  2  2  2  2  2  2  2
  2  2  2  2  2  2  8  8  2  2  2  2  8  8  8  2  2  2  8  8  8  8  8  2
  2  2  8  8  2  8 10 10 10 10 10 10 10 10 10 10 10 10 10 10 10 10 10 10
 10 10 10 10 10 10 10 10 10 10 10 10 10 10 10 10 10 10 10 10 10 10 10 10
 10 10 10 10 10 10 10 10 10 10 10 10 10 10 10 10 10 10 10 10 10 10 10 10
 10 10 10 10 10 10 10 10 10 10 10 10 10 10 10 10 10 10 10 10 10 10 10 10
 10 10 10 10 10 10 10 10 10 10 10 10 10 10 10 10 10 10 10 10 10 10 10 10
 10 10 10 10 10 10 10 10 10 10 10 10 10 10 10 10 10 10 10 10 10 10 10 10
 10 10 10 10 10 10 10 10 10 10 10 10]