ARI: 0.6330486449996525
minSplit: 0
Partition: 
[ 3  3  3  3  3  3  3  3  3  3  3  3  3  3  5  5  5  5  3  3  3  3  3  3
  3  3  3  3  3  3  3  3  3  3  3  3  3  3  5  5  5  5  5  3  3  3  3  3
  3  3  3  3  3  3  3  3  3  3  3  3  3  3  3  3  3  3  3  3  3  3  3  5
  5  5  5  5  5  3  3  3  3  3  3  3  3  3  5  3  3  3  3  3  3  3  3  3
  3  3  3  3  5  3  3  3  5  5  5  5 11 11 11 11 11 11 11 11 11 11 11 11
 11 11 11 11 11 11 11 11 11 11 11 11  9  9  9  9  9 10 10  9  9  9  9  9
  9  9  9  9  9 10 10  9  9  9  9  9  9  9  9  8  8  8  8  8  8  8  8  8
  8  8  8  8  8  8  8  8  8  8  8  8  8  8  8  8  8  8  8  8  8  8  8  8
  8  8  8  8  8  8  8  8  8  8  8  8  8  8  8  8  8  8  8  8  8  8  8  8
  8  8  8  8  8  8  8  8  8  8  8  8  8  8  8  8  4  4  4  4  4  4  4  4
  4  4  4  4  4  4  4  4  4  4  4  4  4  4  4  4  4  4  4  4  4  4  2  4
  2  2  2  2  2  2  2  2  7  7  7  7  7  7  7  7  4  2  2  2  2  2  2  2
  2  2  2  2  2  2  7  7  7  7  7  7  7  7  7  7  7  7  2  7  7  2  2  2
  2  7  7  7  7  7  7  7  7  7  7  7  7  7  7  7  7  7  7  7  7  7  7  7
  7  7  7  7  7  7  7  7  7  7  1  1  1  1  1  1  1  1  1  1  1  1  1  1
  1  1  1  1  1  1  1  1  1  1  1  1  1  1  1  1  1  1  1  1  1  1  1  1
  1  1  1  1  1  1  1  1  1  1  1  1  1  1  1  1  1  1  1  1  1  1  1  1
  1  1  1  1  1  1  1  1  1  1  1  1  1  1  1  1  1  1  1  1  1  1  1  1
  1  1  1  1  1  1  0  0  0  0  0  0  0  0  0  0  0  0  0  0  0  0  0  0
  0  0  0  0  0  0  0  0  0  0  0  0  0  0  6 12 12  0  0  0  0  0  0  0
  0  0  0  0 12 12 12  6 12 12 12 12  0  0  0  0  0  0  0  0  0  0  0  0
  0  0  0  0  0  0  0  0  0  0  0  0  0  0  0 12 12 12 12 12 12  0  0  0
  0  0  0  0  0  6 12  6 12 12 12 12 12 12  0  0  0  0  0  0  0  0  0 12
  0  0  0  0  0  0  0  0  0  0  0  0  0  0  0  0  0  0  0  0  0  0  0  0
  0 12  0  0  0  0  0  0  0  0  0  0]