362 353 116
390 436 21
419 452 53
404 422 92
521 430 291
522 482 158
394 555 298
128 183 459
275 374 17
244 144 47
260 440 20
431 264 207
380 167 178
112 127 405
189 246 345
393 489 108
303 246 329
164 213 530
277 346 185
482 582 292
15 277 359
165 286 443
582 535 368
104 106 381
392 441 513
389 387 61
473 526 466
277 503 182
520 477 253
491 325 163
34 138 382
198 66 556
241 384 56
311 472 584
407 298 6
133 126 505
350 381 187
220 42 238
142 21 423
22 30 230
50 183 234
9 93 494
185 558 356
107 559 369
259 533 401
400 524 234
447 173 105
307 328 396
492 296 92
494 369 382
20 10 422
316 425 213
327 560 42
311 92 54
531 263 187
230 135 524
307 266 228
56 423 351
349 367 384
539 219 163
457 381 142
537 309 69
129 74 296
381 473 68
452 587 361
331 298 260
545 381 23
321 547 47
210 173 367
531 378 176
121 174 247
54 225 409
347 209 9
468 442 505
559 547 243
348 377 192
495 385 194
349 399 106
132 236 312
186 76 534
479 369 32
72 41 361
204 110 447
11 163 549
40 512 462
403 571 215
556 529 190
210 86 537
411 218 148
170 31 436
258 156 99
521 500 322
209 263 107
207 118 348
243 149 73
531 209 195
294 472 547
392 426 7
112 239 561
357 363 507
