278 348 577
153 245 313
484 413 401
251 159 68
57 278 518
88 442 440
222 185 351
25 24 179
398 211 140
194 334 456
306 490 511
281 467 499
359 543 132
5 63 581
313 429 477
291 354 202
126 195 524
453 540 47
175 311 570
477 167 136
175 564 413
467 454 275
369 346 106
223 189 96
448 195 94
494 485 439
396 261 83
300 389 393
191 398 431
547 34 54
147 525 380
53 9 122
563 327 194
80 339 562
426 359 125
551 447 235
371 465 92
41 445 358
90 86 339
185 246 392
362 330 561
68 255 346
347 415 292
46 508 393
161 157 428
333 389 419
213 277 504
233 293 208
266 519 17
57 107 126
570 357 343
43 68 443
492 116 83
240 282 132
20 274 586
443 541 379
244 377 398
189 152 282
326 508 54
487 485 0
51 268 405
334 242 585
302 265 422
447 337 108
276 256 219
237 512 371
111 51 516
405 555 263
393 325 90
28 196 532
87 531 452
307 174 118
531 482 334
505 299 27
152 133 183
149 180 583
254 151 75
176 219 279
29 463 360
271 522 352
257 564 68
478 290 91
561 221 86
51 123 336
418 395 538
484 491 479
105 35 148
481 214 37
555 572 368
43 120 316
23 2 323
341 116 33
259 262 468
22 470 424
24 302 497
85 549 552
577 467 105
178 207 252
41 132 276
260 249 322
