50 227 237
498 544 582
446 389 63
355 582 51
287 482 46
298 334 454
18 77 203
534 542 386
342 566 185
478 522 300
168 200 267
584 342 407
391 521 204
257 182 59
311 434 147
13 100 403
563 584 274
98 502 522
537 531 61
297 445 485
282 245 180
286 452 364
409 474 557
370 514 162
42 177 467
427 410 578
373 350 222
201 576 395
308 408 396
537 391 49
237 12 87
541 370 121
157 102 297
354 561 230
226 195 282
97 74 230
484 468 256
284 267 212
296 253 347
437 456 208
210 251 58
147 315 362
372 479 173
323 257 179
257 189 74
2 155 226
543 580 204
373 533 283
353 430 304
88 512 468
497 467 463
463 184 25
347 349 222
11 483 539
22 95 324
498 392 76
371 357 471
325 414 25
496 559 432
25 33 271
205 316 425
470 368 258
289 192 4
52 5 257
72 9 394
342 266 99
39 143 202
504 403 182
35 70 275
0 85 202
218 16 559
227 127 257
412 429 315
380 528 477
296 398 573
166 148 377
4 34 313
69 141 323
121 329 554
56 238 277
207 168 318
164 38 366
424 279 85
217 273 463
213 218 556
425 509 156
3 231 179
514 572 422
40 514 541
439 567 380
56 43 324
191 343 579
31 441 409
475 468 96
424 506 184
342 456 106
133 94 83
296 428 93
383 211 146
352 549 227
