84 252 519
184 164 447
280 366 141
416 449 213
40 299 384
59 456 356
105 33 558
122 458 565
262 343 408
139 123 540
232 355 122
427 181 16
366 566 87
35 16 334
372 378 106
253 417 78
495 165 102
99 336 434
110 206 472
87 123 526
123 267 442
242 354 179
223 6 324
10 35 216
420 483 496
534 516 269
63 57 409
292 397 0
424 388 462
559 335 80
219 330 527
116 144 27
165 230 423
237 223 404
394 347 227
558 323 193
140 122 498
541 418 388
129 235 549
440 567 578
560 514 524
76 478 361
70 18 161
284 256 445
164 22 464
364 373 230
446 577 405
261 329 338
188 451 544
210 254 358
243 432 60
510 563 5
125 102 542
465 557 61
505 297 279
348 325 459
336 337 536
565 546 29
99 81 163
499 159 6
575 501 459
470 483 441
22 232 441
576 551 118
128 275 503
405 527 203
69 548 488
26 526 417
349 376 481
39 92 387
150 354 412
248 162 33
46 16 40
511 154 95
478 41 50
285 389 569
384 211 39
520 532 254
480 477 408
170 328 559
160 200 137
278 235 171
285 407 26
149 171 546
424 35 93
33 242 299
543 391 159
171 287 333
486 481 509
485 235 4
60 237 578
420 437 224
204 329 371
567 489 266
561 563 10
515 67 83
473 165 94
75 318 518
507 259 218
139 140 509
