448 162 156
419 136 122
53 133 406
569 283 154
338 236 396
295 420 162
372 431 142
329 567 14
527 311 60
115 146 555
536 93 56
300 464 198
414 384 114
394 459 16
519 477 257
497 305 396
225 311 495
402 546 157
228 62 284
372 449 175
61 15 345
458 370 386
39 161 340
150 59 58
283 449 417
203 162 274
402 557 583
222 156 532
119 587 534
148 202 407
328 312 479
174 26 510
537 344 37
111 18 581
565 452 356
256 111 7
346 433 83
551 242 2
305 486 538
583 522 397
489 324 11
205 101 11
527 236 148
201 213 60
118 205 394
230 254 333
385 246 181
433 402 387
376 379 178
302 534 415
547 317 142
376 544 290
87 309 489
508 325 309
266 292 363
63 187 558
415 287 168
472 538 355
552 255 138
391 348 498
579 401 110
214 454 536
66 183 549
269 108 4
205 211 13
18 195 414
74 78 435
371 510 164
458 575 165
586 560 264
404 292 21
381 393 162
428 294 7
305 497 576
319 245 379
79 145 245
100 354 360
475 495 301
455 501 104
460 419 282
288 297 508
307 410 106
561 438 246
404 538 266
28 90 45
9 147 302
13 30 441
39 561 434
523 425 222
389 556 176
372 526 35
536 163 49
158 30 290
317 338 236
199 538 377
439 540 477
491 509 529
422 467 480
177 83 413
511 490 428
