462 523 578
28 4 38
555 538 467
83 79 20
541 500 470
570 577 512
412 348 432
563 524 532
514 537 566
438 406 531
542 472 480
442 521 575
29 23 68
492 484 583
307 252 338
424 435 407
322 387 276
400 349 416
275 243 324
446 537 579
417 420 398
472 542 551
548 551 511
566 488 507
556 520 451
450 535 478
526 533 461
506 487 555
466 489 553
377 349 392
553 489 532
297 236 342
79 82 63
480 489 545
320 311 300
448 520 566
462 541 568
554 539 527
276 466 342
390 354 352
438 380 569
28 87 100
27 3 34
303 306 326
475 490 553
6 58 95
486 510 551
363 378 432
275 465 332
483 537 479
417 414 402
516 540 558
385 349 405
272 264 330
473 519 530
493 472 564
377 429 386
77 5 14
531 487 561
365 356 410
53 27 3
550 519 457
533 427 577
542 540 446
443 341 507
440 434 585
8 50 105
466 302 509
389 422 373
331 282 275
501 486 466
509 538 585
459 484 554
482 484 513
501 533 579
451 551 572
476 523 567
406 370 382
308 235 331
549 551 570
302 482 321
443 328 512
470 525 551
365 354 411
274 289 325
434 361 348
424 435 408
25 7 1
376 422 404
308 283 325
60 4 17
584 551 531
552 577 448
356 376 422
479 472 444
440 319 477
438 522 570
512 485 448
556 414 509
436 422 389
