242 168 47
187 63 256
545 507 308
287 232 534
24 60 206
14 300 308
185 124 248
162 379 405
526 512 432
476 136 194
417 585 50
157 160 546
369 76 97
236 414 361
277 467 145
484 584 379
472 343 165
47 211 361
258 379 556
54 437 425
175 250 433
62 234 266
374 347 339
257 488 126
495 336 249
36 343 409
60 248 470
275 235 189
566 193 38
229 225 300
386 357 451
388 520 197
525 254 45
227 440 400
269 355 66
170 13 569
296 559 13
64 26 307
95 537 487
44 499 555
266 183 90
81 77 232
12 333 576
131 506 443
417 495 56
145 569 583
351 540 515
98 432 412
186 263 559
184 35 298
252 276 522
209 162 67
9 54 259
188 259 452
323 185 123
174 11 287
107 509 585
342 74 132
522 401 127
195 258 562
425 22 3
277 334 147
550 210 10
445 515 125
480 275 387
236 76 3
449 225 44
424 341 280
574 321 67
5 28 136
170 240 395
503 492 179
373 142 6
558 386 285
469 497 65
0 196 170
223 173 5
489 267 171
173 330 367
92 222 335
406 138 37
178 339 315
189 124 365
362 377 379
334 122 53
362 434 259
564 458 49
132 500 400
208 535 433
234 495 50
380 156 35
400 429 507
303 420 389
551 445 171
147 10 370
196 161 263
409 191 122
23 252 437
211 237 7
354 150 58
