411 267 192
46 560 583
50 299 434
389 271 584
564 360 190
129 61 401
340 109 113
341 568 123
382 461 308
461 469 1
39 465 383
320 156 50
564 472 186
254 167 383
352 382 509
155 530 287
24 0 535
336 475 78
128 71 559
439 176 65
415 352 172
43 85 550
181 226 432
257 446 5
495 336 437
422 464 31
321 294 135
175 171 230
228 225 111
151 440 586
182 300 575
157 56 529
534 400 62
67 109 538
6 193 203
469 565 373
13 109 383
108 38 579
304 508 174
61 130 212
128 38 329
410 169 157
296 280 580
120 270 531
196 51 85
405 532 114
66 121 391
353 405 74
151 539 433
556 118 80
24 525 387
256 311 536
248 427 138
564 94 83
463 551 111
422 358 260
377 403 259
581 228 141
141 39 379
462 331 66
482 505 7
528 350 112
543 334 251
546 99 19
394 311 182
118 499 347
514 244 64
426 435 544
397 526 0
361 136 47
41 17 307
459 199 9
276 41 84
466 349 133
256 351 69
523 579 98
578 464 223
313 141 57
291 254 509
37 526 354
582 427 429
144 127 165
43 514 380
199 206 237
229 22 370
131 355 399
6 570 384
60 80 333
504 515 111
4 49 519
446 425 74
16 164 413
308 218 61
489 347 2
393 430 158
254 181 102
43 233 517
449 579 224
516 394 79
92 174 419
