123 182 364
346 500 105
230 184 40
459 417 351
119 196 228
381 340 310
39 279 556
43 556 536
311 213 153
76 566 392
297 545 83
503 317 333
137 194 314
87 149 493
340 419 58
532 449 115
171 500 497
47 292 546
468 528 568
551 517 416
22 162 426
53 146 362
52 233 576
502 31 3
380 207 96
306 348 536
89 14 445
469 41 71
313 399 105
285 224 559
69 110 559
529 182 12
185 282 395
437 412 583
143 348 424
485 333 256
339 248 239
564 373 56
376 392 465
301 344 332
40 106 152
335 306 349
114 123 387
267 359 111
300 133 49
166 501 581
22 222 538
300 243 506
465 418 235
22 43 72
364 323 289
191 301 298
55 93 435
126 195 403
383 373 245
152 146 115
342 368 168
339 380 582
553 546 524
559 452 237
481 514 20
115 193 221
408 295 56
398 373 264
444 458 46
138 4 553
508 341 82
442 498 153
1 482 437
267 292 238
140 272 428
322 366 145
466 439 236
552 487 77
431 501 25
292 477 113
329 490 210
343 180 124
174 524 491
387 395 504
191 2 81
572 366 112
500 244 10
204 36 502
403 444 100
292 567 13
349 516 109
10 96 203
550 464 138
109 229 585
252 538 558
236 134 37
523 447 180
316 313 431
92 456 436
299 455 526
131 525 555
477 345 37
563 586 426
354 519 493
