19 24 29
160 438 488
350 375 439
272 253 29
314 443 172
29 170 541
233 197 130
223 60 446
8 464 469
275 136 126
434 237 33
361 434 564
489 433 141
377 368 28
369 536 464
577 448 286
298 351 376
158 481 442
23 151 241
283 489 547
209 303 52
556 116 51
146 482 486
281 532 6
136 156 54
271 309 402
186 33 423
443 354 240
559 544 418
566 334 287
232 274 15
121 135 582
431 182 48
579 245 45
125 24 218
532 577 322
47 81 485
79 232 286
76 13 320
328 502 170
373 441 10
405 298 302
559 557 133
505 455 140
439 491 67
217 80 454
552 431 388
246 263 213
113 77 538
463 344 156
104 16 236
456 532 170
272 168 39
489 336 201
41 115 146
523 446 106
388 371 543
176 181 555
255 231 579
251 441 380
191 122 363
419 414 244
161 38 310
148 305 479
515 350 330
363 534 460
260 498 26
130 104 325
108 112 505
559 210 11
430 437 347
38 55 96
289 476 101
488 351 169
278 317 581
142 172 540
361 458 262
157 111 293
448 442 536
110 242 369
289 371 231
470 482 576
502 533 84
446 488 262
15 13 224
65 218 319
448 302 383
583 558 458
515 334 26
368 233 96
195 145 351
207 102 424
444 466 451
135 548 493
154 27 429
363 447 80
238 105 108
359 411 580
120 186 163
571 184 118
