585 283 204
435 368 537
564 426 101
131 84 504
492 566 67
80 121 301
140 48 330
374 529 250
123 26 418
384 368 262
399 397 453
40 511 354
326 258 173
1 17 330
442 244 95
251 309 163
368 414 65
166 553 585
501 535 254
324 233 388
562 240 106
478 239 12
378 467 256
176 23 274
454 429 282
10 177 181
410 495 145
31 173 165
56 246 575
570 418 375
252 173 127
526 393 372
410 241 163
401 513 122
47 154 407
409 520 582
111 129 477
348 317 37
504 366 132
547 332 392
383 333 273
480 436 227
288 418 47
362 467 58
327 412 103
527 354 315
406 284 584
100 124 463
339 193 139
498 320 265
517 208 221
442 532 207
73 56 215
303 329 38
545 408 232
106 59 537
132 55 373
426 446 323
396 226 23
491 420 269
281 537 191
574 531 349
369 496 127
24 19 470
243 421 103
108 97 104
278 261 178
83 302 272
97 198 371
195 239 393
152 207 302
53 42 557
267 544 92
129 306 566
557 439 161
497 194 29
51 275 295
130 288 456
404 534 128
577 526 182
206 68 465
71 551 361
569 498 374
206 94 332
77 198 224
79 153 259
183 26 554
481 433 258
560 209 32
100 4 546
463 468 535
108 225 291
143 169 39
440 325 531
1 355 408
277 342 374
548 457 116
98 93 427
472 25 78
505 408 396
