ARI: 0.6043208241598669
minSplit: 0.26
Partition: 
[ 8  8  8  8  8  8  8  3  3  3  3  3  3  3  3  3  3  3  8  8  8  8  8  8
  8  8  8  3  3  3  3  3  3  3  3  3  3  3  3  3  3  3  3  8  8  8  8  8
  8  8  8  8  8  8  3  3  3  3  3  3  3  3  3  3  3  3  3  3  3  3  3  3
  3  3  3  3  3  3  3  3  3  3  8  8  3  3  3  8  8  8  8  8  8  8  8  8
  8  8  3  3  3  3  3  3  3  3  3  3 11 11 11 11 11 11 11 11 11 11 11 11
 11 11 11 11 11 11 11 11 11 11 11 11  5  5  5  5  5  5  5  5  5  5  5  5
  5  5  5  5  5  5  5  5  5  5  5  5  5  5  5  6  6  6  6  6  6  6  6  6
  6  6  6  6  6  6  6  6  6  6  6  6  6  6  6  6  6  6  6  6  6  6  6  6
  6  6  6  6  6  6  6  6  6  6  6  6  6  6  6  6  6  6  6  6  6  6  6  6
  6  6  6  6  6  6  6  6  6  6  6  6  6  6  6  6  7  7  7  7  7  7  7  7
  7  7  7  7  7  7  7  7  7  7  7  7  7  7  7  7  7  7  7  7  7  7 10  7
  9  9  9  9  9  9  9  9  1  1  1  1  1  1  1  1 12  9  9  9  9  9  9  9
  9  9  9  9  9  9  1  1  1  1  1  1  1  1  1  1  1  1  9  1  1  9  9  9
  9  1  1  1  1  1  1  1  1  1  1  1  1  1  1  1  1  1  1  1  1  1  1  1
  1  1  1  1  1  1  1  1  1  1  4  4  4  4  4  4  4  4  4  4  4  4  4  4
  4  4  4  4  4  4  4  4  4  4  4  4  4  4  4  4  4  4  4  4  4  4  4  4
  4  4  4  4  4  4  4  4  4  4  4  4  4  4  4  4  4  4  4  4  4  4  4  4
  4  4  4  4  4  4  4  4  4  4  4  4  4  4  4  4  4  4  4  4  4  4  4  4
  4  4  4  4  4  4  0  0  0  0  0  0  0  0  0  0  0  0  0  0  0  0  0  0
  0  0  0  0  0  0  0  0  0  0  0  0  0  0  0  0  0  0  0  0  2  2  2  2
  2  0  0  0  0  0  0  0  0  0  0  0  0  0  0  0  0  0  0  0  0  2  0  0
  2  2  2  2  2  2  2  2  2  2  2  2  0  0  0  0  0  0  0  0  0  0  0  2
  2  2  2  2  2  0  0  0  0  0  0  0  0  0  0  0  0  0  2  2  0  0  0  0
  0  0  0  0  0  0  0  0  0  0  2  0  0  0  0  0  0  2  2  2  0  0  0  0
  0  0  0  0  0  0  0  0  0  0  0  0]