x
1 1
2 1
3 1
4 2
5 1
6 1
7 1
8 1
9 1
10 1
11 1
12 1
13 1
14 1
15 1
16 1
17 1
18 1
19 1
20 1
21 1
22 2
23 1
24 1
25 1
26 2
27 1
28 1
29 1
30 2
31 1
32 1
33 1
34 1
35 1
36 2
37 1
38 1
39 1
40 1
41 1
42 1
43 1
44 2
45 1
46 2
47 1
48 1
49 2
50 1
51 1
52 1
53 1
54 1
55 1
56 1
57 1
58 1
59 1
60 2
61 1
62 1
63 1
64 1
65 2
66 1
67 1
68 1
69 1
70 1
71 1
72 1
73 1
74 1
75 1
76 1
77 1
78 1
79 1
80 1
81 1
82 1
83 1
84 2
85 1
86 2
87 1
88 1
89 1
90 1
91 1
92 1
93 1
94 1
95 1
96 1
97 2
98 1
99 1
100 2
101 1
102 1
103 1
104 1
105 1
106 2
107 2
108 2
109 1
110 2
111 2
112 2
113 2
114 1
115 1
116 2
117 1
118 1
119 1
120 1
121 1
122 1
123 1
124 1
125 1
126 1
127 1
128 2
129 1
130 2
131 2
132 2
133 1
134 1
135 1
136 1
137 1
138 1
139 2
140 1
141 1
142 1
143 1
144 2
145 1
146 1
147 1
148 1
149 1
150 1
151 2
152 1
153 1
154 1
155 1
156 1
157 1
158 1
159 1
160 1
161 1
162 1
163 1
164 2
165 2
166 2
167 2
168 2
169 2
170 2
171 2
172 2
173 2
174 2
175 2
176 2
177 2
178 1
179 2
180 2
181 2
182 2
183 2
184 2
185 2
186 1
187 2
188 1
189 2
190 2
191 2
192 2
193 2
194 2
195 2
196 2
197 2
198 2
199 2
200 2
201 2
202 2
203 2
204 2
205 2
206 2
207 2
208 2
209 2
210 2
211 2
212 2
213 2
214 2
