x
1 4
2 1
3 1
4 1
5 1
6 1
7 4
8 1
9 4
10 1
11 1
12 1
13 1
14 1
15 1
16 1
17 1
18 4
19 4
20 1
21 1
22 4
23 1
24 1
25 1
26 1
27 1
28 1
29 1
30 4
31 1
32 1
33 1
34 1
35 1
36 4
37 4
38 1
39 4
40 4
41 1
42 1
43 1
44 4
45 1
46 4
47 1
48 4
49 1
50 4
51 4
52 1
53 1
54 1
55 1
56 1
57 1
58 1
59 4
60 4
61 4
62 4
63 4
64 4
65 4
66 4
67 4
68 4
69 4
70 4
71 4
72 1
73 1
74 1
75 1
76 1
77 1
78 1
79 1
80 1
81 1
82 1
83 1
84 1
85 1
86 1
87 1
88 1
89 1
90 1
91 1
92 1
93 1
94 1
95 1
96 1
97 1
98 1
99 1
100 1
101 1
102 1
103 1
104 1
105 4
106 2
107 2
108 2
109 2
110 2
111 2
112 2
113 2
114 1
115 1
116 1
117 1
118 1
119 1
120 1
121 1
122 1
123 1
124 1
125 4
126 1
127 1
128 4
129 4
130 2
131 2
132 2
133 1
134 1
135 1
136 1
137 2
138 1
139 1
140 1
141 4
142 1
143 1
144 1
145 1
146 1
147 4
148 1
149 1
150 1
151 4
152 4
153 4
154 1
155 1
156 1
157 1
158 4
159 1
160 1
161 1
162 4
163 4
164 5
165 4
166 2
167 2
168 2
169 5
170 2
171 2
172 3
173 3
174 2
175 2
176 2
177 4
178 4
179 4
180 4
181 5
182 5
183 5
184 2
185 5
186 1
187 1
188 4
189 4
190 5
191 5
192 5
193 5
194 5
195 5
196 5
197 5
198 5
199 5
200 5
201 5
202 1
203 5
204 5
205 5
206 5
207 5
208 5
209 5
210 5
211 5
212 5
213 5
214 5
