x
1 1
2 4
3 4
4 4
5 4
6 1
7 4
8 4
9 4
10 1
11 1
12 1
13 1
14 1
15 4
16 4
17 4
18 4
19 4
20 4
21 1
22 4
23 4
24 4
25 4
26 4
27 4
28 4
29 4
30 1
31 1
32 4
33 1
34 1
35 4
36 1
37 4
38 4
39 4
40 4
41 4
42 4
43 4
44 4
45 1
46 1
47 1
48 1
49 4
50 4
51 1
52 1
53 4
54 4
55 1
56 1
57 1
58 4
59 1
60 1
61 4
62 4
63 1
64 4
65 1
66 4
67 1
68 1
69 1
70 4
71 4
72 1
73 4
74 4
75 4
76 4
77 4
78 4
79 1
80 4
81 1
82 4
83 4
84 1
85 4
86 4
87 1
88 1
89 4
90 1
91 1
92 4
93 1
94 4
95 4
96 4
97 1
98 1
99 4
100 1
101 1
102 4
103 1
104 1
105 2
106 2
107 2
108 2
109 1
110 2
111 2
112 2
113 2
114 1
115 4
116 1
117 1
118 4
119 1
120 4
121 4
122 4
123 4
124 4
125 1
126 1
127 4
128 1
129 1
130 2
131 2
132 2
133 4
134 1
135 4
136 1
137 1
138 4
139 1
140 4
141 1
142 1
143 1
144 4
145 1
146 1
147 4
148 4
149 1
150 4
151 4
152 4
153 4
154 4
155 4
156 4
157 4
158 4
159 4
160 4
161 4
162 1
163 1
164 5
165 2
166 2
167 2
168 2
169 2
170 2
171 2
172 3
173 3
174 2
175 1
176 2
177 4
178 4
179 4
180 4
181 5
182 5
183 5
184 2
185 5
186 4
187 4
188 4
189 4
190 5
191 5
192 5
193 5
194 5
195 5
196 5
197 5
198 5
199 5
200 5
201 5
202 2
203 5
204 5
205 5
206 5
207 5
208 5
209 5
210 5
211 5
212 5
213 5
214 5
