x
1 10
2 12
3 12
4 12
5 12
6 1
7 12
8 12
9 12
10 1
11 1
12 1
13 1
14 1
15 1
16 1
17 1
18 10
19 10
20 12
21 1
22 10
23 1
24 1
25 12
26 1
27 12
28 12
29 1
30 12
31 1
32 1
33 1
34 1
35 1
36 12
37 12
38 1
39 10
40 10
41 1
42 1
43 12
44 10
45 1
46 1
47 1
48 10
49 1
50 12
51 10
52 1
53 12
54 1
55 1
56 1
57 1
58 1
59 10
60 12
61 10
62 10
63 10
64 10
65 12
66 10
67 10
68 10
69 10
70 10
71 12
72 14
73 12
74 12
75 12
76 12
77 12
78 12
79 12
80 12
81 14
82 12
83 12
84 1
85 12
86 12
87 14
88 12
89 12
90 1
91 1
92 12
93 1
94 12
95 1
96 12
97 1
98 1
99 1
100 1
101 1
102 1
103 1
104 14
105 10
106 13
107 7
108 2
109 14
110 14
111 13
112 13
113 13
114 12
115 12
116 12
117 14
118 12
119 1
120 12
121 12
122 1
123 12
124 12
125 1
126 1
127 12
128 10
129 8
130 14
131 14
132 13
133 12
134 12
135 12
136 1
137 14
138 12
139 1
140 12
141 12
142 1
143 1
144 12
145 1
146 1
147 10
148 12
149 12
150 1
151 1
152 10
153 10
154 12
155 10
156 12
157 12
158 10
159 12
160 12
161 12
162 10
163 10
164 6
165 8
166 8
167 8
168 14
169 8
170 14
171 14
172 3
173 3
174 14
175 8
176 14
177 10
178 10
179 10
180 10
181 12
182 14
183 14
184 14
185 4
186 6
187 6
188 10
189 10
190 5
191 5
192 5
193 5
194 5
195 5
196 5
197 5
198 5
199 5
200 5
201 5
202 9
203 5
204 5
205 5
206 5
207 5
208 11
209 5
210 5
211 5
212 5
213 5
214 5
