Kmeans
[85.0, 84.5, 85.0, 85.0, 85.0, 84.5, 85.5, 85.5, 84.5, 85.0]

EAC
[92.5, 93.5, 94.5, 91.0, 95.5, 94.5, 91.5, 92.5, 95.5, 95.0]

Constr EAC
[[92.0, 92.0, 98.0, 98.0], [94.0, 98.0, 98.0, 100.0], [94.0, 98.0, 98.0, 98.0], [92.0, 94.0, 98.0, 98.0], [96.0, 96.0, 98.0, 100.0], [98.0, 94.0, 98.0, 98.0], [92.0, 92.0, 96.0, 98.0], [90.0, 96.0, 98.0, 98.0], [94.0, 94.0, 98.0, 98.0], [96.0, 94.0, 98.0, 98.0]]

COP EAC
[[100.0, 96.0, 100.0, 98.0], [98.0, 94.0, 100.0, 98.0], [98.0, 96.0, 100.0, 98.0], [98.0, 94.0, 100.0, 98.0], [98.0, 98.0, 98.0, 98.0], [100.0, 96.0, 100.0, 100.0], [98.0, 96.0, 100.0, 98.0], [100.0, 96.0, 100.0, 98.0], [98.0, 94.0, 100.0, 100.0], [100.0, 98.0, 100.0, 98.0]]

