ILP-Km25
[[0.772, 0.773, 0.772, 0.775], [0.707, 0.708, 0.709, 0.711], [0.733, 0.736, 0.735, 0.735], [0.646, 0.644, 0.644, 0.647], [0.83, 0.83, 0.826, 0.827], [0.78, 0.779, 0.777, 0.777], [0.702, 0.703, 0.701, 0.7], [0.682, 0.684, 0.684, 0.682], [0.822, 0.824, 0.823, 0.824], [0.808, 0.806, 0.807, 0.808]]

ILP-COP25
[[0.9, 0.808, 0.831, 0.904], [0.9, 0.902, 0.835, 0.84], [0.9, 0.92, 0.761, 0.881], [0.901, 0.835, 0.767, 0.967], [0.797, 0.908, 0.834, 0.967], [0.782, 0.791, 0.899, 0.922], [0.844, 0.908, 0.9, 0.83], [0.901, 0.918, 0.832, 0.975], [0.881, 0.875, 0.832, 0.916], [0.901, 0.823, 0.833, 0.902]]

ILP-Km10
[[0.771, 0.772, 0.772, 0.774], [0.706, 0.706, 0.708, 0.709], [0.731, 0.734, 0.733, 0.733], [0.644, 0.643, 0.643, 0.645], [0.828, 0.827, 0.824, 0.824], [0.777, 0.777, 0.774, 0.775], [0.697, 0.7, 0.698, 0.697], [0.682, 0.683, 0.684, 0.681], [0.823, 0.824, 0.824, 0.824], [0.805, 0.803, 0.804, 0.805]]

ILP-COP10
[[0.897, 0.806, 0.827, 0.902], [0.881, 0.899, 0.831, 0.828], [0.881, 0.917, 0.763, 0.868], [0.898, 0.837, 0.762, 0.962], [0.797, 0.907, 0.833, 0.96], [0.778, 0.788, 0.894, 0.92], [0.844, 0.904, 0.895, 0.827], [0.898, 0.913, 0.828, 0.972], [0.88, 0.872, 0.828, 0.913], [0.898, 0.82, 0.829, 0.898]]

ILP-Km5
[[0.765, 0.765, 0.763, 0.767], [0.702, 0.702, 0.702, 0.705], [0.716, 0.718, 0.717, 0.717], [0.635, 0.634, 0.633, 0.636], [0.805, 0.81, 0.806, 0.807], [0.757, 0.762, 0.76, 0.761], [0.691, 0.692, 0.689, 0.689], [0.668, 0.669, 0.67, 0.668], [0.805, 0.807, 0.805, 0.807], [0.785, 0.783, 0.783, 0.785]]

ILP-COP5
[[0.88, 0.788, 0.804, 0.889], [0.853, 0.885, 0.812, 0.817], [0.854, 0.902, 0.744, 0.857], [0.883, 0.832, 0.75, 0.94], [0.787, 0.898, 0.815, 0.937], [0.762, 0.773, 0.879, 0.904], [0.84, 0.89, 0.879, 0.81], [0.881, 0.897, 0.805, 0.954], [0.868, 0.859, 0.806, 0.902], [0.88, 0.805, 0.807, 0.884]]

