Base partitions
[0.28, 0.271, 0.278, 0.272, 0.275]

default Kmeans
[0.39, 0.413, 0.416, 0.412, 0.415]

Unconstrained Baseline
[0.761, 0.782, 0.904, 0.763, 0.727]

Constrained Baseline
[[0.755, 0.742, 0.845, 0.845, 0.8], [0.782, 0.872, 0.872, 0.909, 0.97], [0.904, 0.909, 0.909, 0.8, 0.8], [0.763, 0.862, 0.971, 0.971, 0.971], [0.745, 0.81, 0.905, 0.905, 0.905]]

default COPKmeans
[[0.368, 0.417, 0.364, 0.353, 0.359], [0.383, 0.352, 0.371, 0.397, 0.395], [0.377, 0.383, 0.412, 0.361, 0.414], [0.437, 0.415, 0.375, 0.362, 0.432], [0.368, 0.389, 0.364, 0.411, 0.415]]

COPKmeans Baseline
[[0.867, 0.87, 0.816, 0.8, 0.97], [0.71, 0.885, 0.8, 0.854, 0.905], [0.904, 0.83, 0.783, 0.783, 0.905], [0.904, 0.769, 0.8, 0.745, 0.849], [0.906, 0.782, 0.912, 0.916, 0.906]]

COPKmeans Gurobi
[[0.744, 0.64, 0.728, 0.746, 0.903], [0.613, 0.853, 0.731, 0.753, 0.807], [0.769, 0.664, 0.652, 0.493, 0.581], [0.666, 0.688, 0.728, 0.652, 0.768], [0.806, 0.737, 0.845, 0.547, 0.733]]

ACCE-ILP local-COPKmeans
[[0.854, 0.855, 0.8, 0.796, 0.96], [0.702, 0.875, 0.785, 0.839, 0.897], [0.89, 0.82, 0.772, 0.773, 0.896], [0.887, 0.762, 0.786, 0.731, 0.836], [0.897, 0.77, 0.901, 0.907, 0.898]]

ACCE-ILP local Kmeans
[[0.749, 0.751, 0.746, 0.75, 0.752], [0.773, 0.773, 0.771, 0.774, 0.773], [0.89, 0.891, 0.888, 0.893, 0.892], [0.752, 0.753, 0.751, 0.754, 0.752], [0.715, 0.717, 0.715, 0.717, 0.717]]

mzn2
[[0.273, 0.047, 0.046, 0.049, -0.001], [0.024, 0.205, 0.023, 0.205, -0.001], [0.259, 0.057, 0.258, 0.059, 0.259], [0.246, 0.036, 0.035, 0.037, 0.035], [0.038, 0.039, 0.177, 0.04, -0.001]]

mzn2 eucl
[[0.398, 0.007, 0.007, 0.009, 0.007], [0.383, 0.008, 0.009, 0.01, 0.008], [0.506, 0.012, 0.013, 0.014, 0.012], [0.381, 0.007, 0.007, 0.009, 0.006], [0.006, 0.006, 0.006, 0.009, 0.006]]

