BP Km
[0.277, 0.279, 0.281, 0.279, 0.264, 0.274, 0.282, 0.284, 0.263, 0.281]

Kmeans
[0.414, 0.38, 0.413, 0.414, 0.413, 0.393, 0.415, 0.414, 0.413, 0.412]

EAC
[0.775, 0.712, 0.736, 0.647, 0.833, 0.782, 0.704, 0.685, 0.824, 0.811]

Constr EAC
[[0.775, 0.775, 0.856, 0.856], [0.711, 0.703, 0.911, 0.911], [0.736, 0.752, 0.885, 0.854], [0.647, 0.647, 0.886, 0.886], [0.833, 0.929, 0.929, 0.929], [0.904, 0.904, 0.904, 0.904], [0.8, 0.8, 0.851, 0.904], [0.685, 0.652, 0.886, 0.886], [0.784, 0.905, 0.905, 0.905], [0.811, 0.885, 0.885, 0.908]]

COP
[[0.418, 0.413, 0.46, 0.414, 0.391], [0.382, 0.355, 0.381, 0.355, 0.394], [0.413, 0.385, 0.366, 0.363, 0.411], [0.41, 0.391, 0.392, 0.393, 0.361]]

COP EAC
[[0.904, 0.81, 0.835, 0.905], [0.904, 0.905, 0.835, 0.849], [0.904, 0.923, 0.759, 0.885], [0.905, 0.834, 0.772, 0.97], [0.8, 0.911, 0.835, 0.97], [0.785, 0.795, 0.904, 0.923], [0.845, 0.912, 0.904, 0.833], [0.904, 0.921, 0.835, 0.976], [0.886, 0.879, 0.835, 0.916], [0.904, 0.825, 0.835, 0.905]]

