x
1 2
2 5
3 5
4 5
5 2
6 5
7 5
8 5
9 5
10 5
11 2
12 5
13 5
14 5
15 2
16 2
17 2
18 2
19 2
20 2
21 2
22 2
23 5
24 2
25 5
26 5
27 2
28 2
29 2
30 5
31 5
32 2
33 2
34 2
35 5
36 5
37 2
38 5
39 5
40 2
41 2
42 5
43 5
44 2
45 2
46 5
47 2
48 5
49 2
50 5
51 1
52 1
53 1
54 4
55 1
56 4
57 1
58 4
59 1
60 4
61 4
62 4
63 4
64 4
65 4
66 1
67 4
68 4
69 4
70 4
71 1
72 4
73 1
74 4
75 4
76 1
77 1
78 1
79 1
80 4
81 4
82 4
83 4
84 1
85 4
86 1
87 1
88 4
89 4
90 4
91 4
92 1
93 4
94 4
95 4
96 4
97 4
98 4
99 4
100 4
101 3
102 1
103 3
104 3
105 3
106 3
107 4
108 3
109 3
110 3
111 1
112 1
113 3
114 1
115 3
116 3
117 1
118 3
119 3
120 1
121 3
122 1
123 3
124 1
125 3
126 3
127 1
128 1
129 3
130 3
131 3
132 3
133 3
134 1
135 1
136 3
137 3
138 1
139 4
140 3
141 3
142 3
143 1
144 3
145 3
146 3
147 1
148 3
149 3
150 1
