x
1 11
2 11
3 11
4 11
5 11
6 2
7 11
8 11
9 5
10 11
11 2
12 11
13 11
14 5
15 2
16 2
17 2
18 2
19 2
20 2
21 2
22 2
23 11
24 11
25 11
26 11
27 11
28 2
29 11
30 11
31 11
32 2
33 2
34 2
35 11
36 11
37 2
38 11
39 5
40 11
41 2
42 5
43 5
44 2
45 2
46 2
47 2
48 11
49 2
50 11
51 9
52 9
53 9
54 7
55 9
56 7
57 9
58 4
59 9
60 10
61 4
62 7
63 4
64 9
65 4
66 9
67 10
68 7
69 7
70 4
71 1
72 7
73 9
74 7
75 9
76 9
77 7
78 1
79 9
80 4
81 4
82 4
83 7
84 1
85 10
86 9
87 9
88 7
89 7
90 7
91 7
92 9
93 7
94 4
95 7
96 7
97 7
98 7
99 4
100 7
101 6
102 1
103 12
104 1
105 6
106 3
107 10
108 12
109 12
110 6
111 1
112 1
113 6
114 1
115 6
116 6
117 1
118 8
119 3
120 1
121 6
122 1
123 3
124 1
125 6
126 12
127 1
128 1
129 6
130 12
131 12
132 8
133 6
134 9
135 1
136 3
137 6
138 1
139 1
140 6
141 6
142 6
143 1
144 6
145 6
146 6
147 1
148 1
149 6
150 1
