ARI: 0.6967532021648241
minSplit: 0
Partition: 
[10 10 10 10 10  2  2  2  2  2  2  2  2  2  2  2  2  2 10 10 10 10 10 10
 10  2  2  2  2  2  2  2  2  2  2  2  2  2  2  2  2  2  2 10 10 10 10 10
 10 10 10  2  2  2  2  2  2  2  2  2  2  2  2  2  2  2  2  2  2  2  2  2
  2  2  2  2  2  2  2  2  2  2  2  2  2  2  2  2  2 10 10 10 10 10 10 10
 10 10  2  2  2  2  2  2  2  2  2  2 11 11 11 11 11 11 11 11 11 11 11 11
 11 11 11 11 11 11 11 11 11 11 11 11  4  4  4  4  4  4  4  4  4  4  4  4
  4  4  4  4  4  4  4  4  4  4  4  4  4  4  4  6  6  6  6  6  6  6  6  6
  6  6  6  6  6  6  6  6  6  6  6  6  6  6  6  6  6  6  6  6  6  6  6  6
  6  6  6  6  6  6  6  6  6  6  6  6  6  6  6  6  6  6  6  6  6  6  6  6
  6  6  6  6  6  6  6  6  6  6  6  6  6  6  6  6  8  8  8  8  8  8  8  8
  8  8  8  8  8  8  8  8  8  8  8  8  8  8  8  8  8  8  8  8  8  8  8  8
  1  1  1  1  1  1  1  1  1  1  1  1  1  1  1  1  9  1  1  1  1  1  1  1
  1  1  1  1  1  1  1  1  1  1  1  1  1  1  1  1  1  1  1  1  1  1  1  1
  1  1  1  1  1  1  1  1  1  1  1  1  1  1  1  1  1  1  1  1  1  1  1  1
  1  1  1  1  1  1  1  1  1  1  0  0  0  0  0  0  0  0  0  0  0  0  0  0
  0  0  0  0  0  0  0  0  0  0  0  0  0  0  0  0  0  0  0  0  0  0  0  0
  0  0  0  0  0  0  0  0  0  0  0  0  0  0  0  0  0  0  0  0  0  0  0  0
  0  0  0  0  0  0  0  0  0  0  0  0  0  0  0  0  0  0  0  0  0  0  0  0
  0  0  0  0  0  0  5  5  5  5  5  5  5  5  5  5  5  5  5  5  5  5  5  5
  5  5  5  5  5  5  5  5  5  5  5  5  5  5  7  3  3  5  5  5  3  3  3  3
  3  5  5  5  3  3  3  7  3  3  3  3 12  5 12  5  5 12 12 12  5  3  5 12
  3  3  3  3  3  3  3  3  3  3  3  3  5  5  5  3  3  3  3  3  3  5  5  3
  3  3  3  3  3  7  3  7  3  3  3  3  3  3 12 12 12 12  3  3 12 12 12  3
 12 12 12 12 12 12 12 12 12 12  3 12 12 12 12 12 12  3  3  3 12 12 12 12
 12  3 12 12 12 12 12 12 12 12 12 12]