ARI: 0.5385547191952434
minSplit: 0.26
Partition: 
[ 4  4  4  4  4  4  4 11 11  8  8  8  8  8  8  8  8  8  4  4  4  4  4  4
  4  4  4 11 11 11  8  8  8  8  8  8  8  8  8  8  8  8  8  4  4  4  4  4
  4  4  4  4  4  4 11 11 11 11 11  8  8  8  8  8  8  8  8  8  8  8  8  8
  8  8  8  8  8  8 11 11 11 11  4  4  8  8  8  4  4  4  4  4  4  4  4  4
  4  4  8  8  8  8  8  8  8  8  8  8 12 12 12 12 12 12 12 12 12 12 12 12
 12 12 12 12 12 12 12 12 12 12 12 12  6  6  6  6  6 10 10  6  6  6  6  6
  6  6  6  6  6 10 10  6  6  6  6  6  6  6  6  5  5  5  5  5  5  5  5  5
  5  5  5  5  5  5  5  5  5  5  5  5  5  5  5  5  5  5  5  5  5  5  5  5
  5  5  5  5  5  5  5  5  5  5  5  5  5  5  5  5  5  5  5  5  5  5  5  5
  5  5  5  5  5  5  5  5  5  5  5  5  5  5  5  5  1  1  1  1  1  1  1  1
  1  1  1  1  1  1  1  1  1  1  1  1  1  1  1  1  1  1  1  1  1  1  9  1
  1  1  1  1  1  1  1  1  1  1  1  1  1  1  1  1  1  1  1  1  1  1  1  1
  1  1  1  1  1  1  1  1  1  1  1  1  1  1  1  1  1  1  1  1  1  1  1  1
  1  1  1  1  1  1  1  1  1  1  1  1  1  1  1  1  1  1  1  1  1  1  1  1
  1  1  1  1  1  1  1  1  1  1  3  3  3  3  3  3  3  3  3  3  3  3  3  3
  3  3  3  3  3  3  3  3  3  3  3  3  3  3  3  3  3  3  3  3  3  3  3  3
  3  3  3  3  3  3  3  3  3  3  3  3  3  3  3  3  3  3  3  3  3  3  3  3
  3  3  3  3  3  3  3  3  3  3  3  3  3  3  3  3  3  3  3  3  3  3  3  3
  3  3  3  3  3  3  0  0  0  0  0  0  0  0  0  0  0  0  0  0  0  0  0  0
  0  0  0  0  0  0  0  0  0  0  0  0  0  0  7  7  7  0  0  0  2  2  2  2
  2  0  0  0  7  7  7  7  7  7  7  7  0  0  0  0  0  0  0  0  0  2  0  0
  2  2  2  2  2  2  2  2  2  2  2  2  0  0  0  7  7  7  7  7  7  0  0  2
  2  2  2  2  2  7  7  7  7  7  7  7  7  7  0  0  0  0  2  2  0  0  0  7
  0  0  0  0  0  0  0  0  0  0  2  0  0  0  0  0  0  2  2  2  0  0  0  0
  0  7  0  0  0  0  0  0  0  0  0  0]