x
1 8
2 11
3 1
4 1
5 1
6 1
7 1
8 1
9 8
10 1
11 1
12 1
13 1
14 11
15 1
16 1
17 1
18 8
19 11
20 1
21 11
22 8
23 1
24 11
25 11
26 1
27 1
28 1
29 1
30 1
31 1
32 1
33 1
34 1
35 1
36 1
37 11
38 1
39 8
40 8
41 1
42 1
43 1
44 8
45 11
46 11
47 11
48 8
49 8
50 11
51 8
52 11
53 11
54 11
55 1
56 1
57 1
58 11
59 11
60 1
61 11
62 11
63 8
64 11
65 8
66 8
67 8
68 11
69 8
70 8
71 11
72 11
73 1
74 1
75 1
76 1
77 1
78 1
79 11
80 11
81 1
82 1
83 1
84 1
85 3
86 1
87 1
88 1
89 1
90 1
91 11
92 1
93 11
94 1
95 1
96 11
97 11
98 1
99 1
100 1
101 1
102 11
103 1
104 8
105 8
106 3
107 7
108 3
109 10
110 10
111 3
112 3
113 3
114 11
115 1
116 11
117 11
118 11
119 1
120 1
121 11
122 1
123 1
124 1
125 11
126 1
127 1
128 13
129 13
130 13
131 10
132 3
133 11
134 11
135 11
136 1
137 1
138 1
139 1
140 1
141 1
142 1
143 1
144 1
145 1
146 1
147 11
148 1
149 1
150 1
151 1
152 11
153 11
154 1
155 1
156 1
157 11
158 8
159 11
160 11
161 11
162 8
163 8
164 6
165 13
166 13
167 13
168 10
169 10
170 10
171 10
172 2
173 2
174 10
175 13
176 10
177 13
178 11
179 13
180 13
181 1
182 10
183 10
184 10
185 4
186 9
187 9
188 11
189 13
190 10
191 5
192 5
193 5
194 5
195 5
196 5
197 5
198 5
199 5
200 5
201 5
202 10
203 5
204 5
205 5
206 5
207 5
208 12
209 5
210 5
211 5
212 5
213 5
214 5
