x
1 1
2 1
3 1
4 1
5 1
6 1
7 1
8 6
9 6
10 1
11 1
12 1
13 1
14 1
15 1
16 1
17 1
18 6
19 6
20 1
21 1
22 6
23 1
24 1
25 1
26 1
27 1
28 1
29 1
30 1
31 1
32 1
33 1
34 1
35 1
36 1
37 6
38 1
39 6
40 6
41 1
42 6
43 1
44 6
45 6
46 6
47 1
48 6
49 6
50 6
51 6
52 1
53 1
54 1
55 1
56 1
57 1
58 6
59 6
60 1
61 1
62 6
63 6
64 1
65 6
66 6
67 1
68 1
69 6
70 6
71 6
72 1
73 6
74 1
75 1
76 1
77 1
78 1
79 1
80 1
81 1
82 1
83 1
84 1
85 3
86 1
87 1
88 1
89 1
90 1
91 1
92 1
93 1
94 1
95 1
96 6
97 1
98 1
99 3
100 1
101 1
102 1
103 1
104 6
105 6
106 3
107 3
108 3
109 3
110 5
111 3
112 3
113 3
114 1
115 1
116 1
117 1
118 6
119 1
120 1
121 1
122 1
123 1
124 1
125 1
126 1
127 1
128 6
129 6
130 3
131 3
132 3
133 1
134 1
135 1
136 1
137 1
138 1
139 6
140 1
141 1
142 1
143 1
144 1
145 1
146 1
147 1
148 1
149 6
150 1
151 1
152 1
153 1
154 1
155 1
156 1
157 1
158 6
159 6
160 6
161 6
162 1
163 6
164 6
165 6
166 3
167 3
168 3
169 3
170 3
171 3
172 2
173 2
174 3
175 6
176 3
177 6
178 6
179 5
180 6
181 5
182 5
183 5
184 3
185 4
186 1
187 6
188 6
189 6
190 6
191 5
192 5
193 5
194 5
195 5
196 5
197 5
198 5
199 5
200 5
201 5
202 6
203 5
204 5
205 5
206 5
207 5
208 5
209 5
210 5
211 5
212 5
213 5
214 5
