x
1 1
2 11
3 11
4 11
5 11
6 11
7 11
8 1
9 1
10 11
11 11
12 11
13 11
14 11
15 11
16 11
17 11
18 1
19 1
20 11
21 1
22 1
23 11
24 1
25 11
26 11
27 11
28 11
29 11
30 11
31 11
32 11
33 11
34 11
35 11
36 11
37 1
38 11
39 1
40 1
41 11
42 1
43 11
44 1
45 11
46 1
47 1
48 1
49 1
50 1
51 1
52 1
53 11
54 11
55 11
56 11
57 11
58 11
59 11
60 11
61 1
62 1
63 1
64 1
65 1
66 1
67 1
68 1
69 1
70 1
71 1
72 1
73 11
74 11
75 11
76 11
77 11
78 11
79 11
80 11
81 11
82 11
83 11
84 11
85 3
86 1
87 11
88 11
89 11
90 11
91 1
92 11
93 11
94 11
95 11
96 1
97 1
98 11
99 11
100 11
101 11
102 11
103 11
104 8
105 8
106 3
107 7
108 3
109 10
110 10
111 3
112 3
113 3
114 1
115 1
116 1
117 11
118 11
119 11
120 11
121 11
122 11
123 11
124 11
125 1
126 1
127 11
128 8
129 8
130 8
131 10
132 3
133 1
134 1
135 11
136 1
137 11
138 11
139 1
140 11
141 11
142 11
143 11
144 11
145 11
146 11
147 1
148 11
149 11
150 11
151 11
152 8
153 1
154 11
155 11
156 1
157 11
158 1
159 1
160 1
161 11
162 1
163 1
164 6
165 8
166 3
167 3
168 10
169 10
170 10
171 10
172 2
173 2
174 10
175 9
176 10
177 8
178 8
179 8
180 8
181 8
182 10
183 10
184 10
185 4
186 9
187 6
188 1
189 8
190 9
191 5
192 5
193 5
194 5
195 5
196 5
197 5
198 5
199 5
200 5
201 5
202 9
203 5
204 5
205 5
206 5
207 5
208 6
209 5
210 5
211 5
212 5
213 5
214 5
