x
1 1
2 1
3 1
4 1
5 1
6 1
7 1
8 5
9 1
10 1
11 1
12 1
13 1
14 5
15 1
16 1
17 1
18 1
19 1
20 1
21 1
22 1
23 1
24 1
25 1
26 1
27 1
28 1
29 1
30 1
31 1
32 1
33 1
34 1
35 1
36 1
37 1
38 1
39 1
40 1
41 1
42 5
43 1
44 1
45 1
46 1
47 3
48 3
49 1
50 1
51 3
52 1
53 1
54 1
55 1
56 1
57 1
58 5
59 1
60 1
61 1
62 1
63 1
64 3
65 1
66 1
67 1
68 1
69 1
70 3
71 1
72 1
73 1
74 1
75 1
76 1
77 1
78 1
79 1
80 1
81 1
82 1
83 1
84 1
85 1
86 5
87 1
88 1
89 1
90 1
91 1
92 1
93 1
94 1
95 1
96 1
97 1
98 1
99 5
100 1
101 1
102 1
103 1
104 3
105 1
106 3
107 3
108 1
109 3
110 3
111 3
112 3
113 3
114 1
115 5
116 1
117 1
118 1
119 1
120 5
121 1
122 1
123 1
124 1
125 1
126 5
127 1
128 1
129 1
130 3
131 3
132 3
133 1
134 1
135 1
136 1
137 1
138 1
139 1
140 1
141 1
142 1
143 1
144 1
145 1
146 5
147 1
148 1
149 5
150 1
151 1
152 3
153 1
154 1
155 1
156 1
157 1
158 1
159 1
160 1
161 1
162 1
163 3
164 6
165 1
166 3
167 3
168 3
169 5
170 3
171 3
172 2
173 2
174 3
175 1
176 3
177 5
178 1
179 5
180 5
181 5
182 5
183 5
184 3
185 4
186 6
187 6
188 1
189 6
190 6
191 5
192 5
193 5
194 5
195 5
196 5
197 5
198 5
199 5
200 5
201 5
202 6
203 5
204 5
205 5
206 5
207 5
208 6
209 5
210 5
211 5
212 5
213 5
214 5
