x
1 11
2 1
3 1
4 1
5 1
6 1
7 1
8 1
9 11
10 1
11 1
12 1
13 1
14 1
15 1
16 1
17 1
18 11
19 11
20 1
21 1
22 11
23 1
24 1
25 1
26 1
27 1
28 1
29 1
30 1
31 1
32 1
33 1
34 1
35 1
36 1
37 11
38 1
39 11
40 11
41 1
42 1
43 1
44 11
45 11
46 11
47 11
48 11
49 11
50 11
51 11
52 1
53 1
54 1
55 1
56 1
57 1
58 11
59 11
60 1
61 11
62 11
63 11
64 11
65 11
66 11
67 11
68 11
69 11
70 11
71 1
72 1
73 1
74 1
75 1
76 1
77 1
78 1
79 1
80 11
81 1
82 1
83 1
84 1
85 3
86 1
87 1
88 1
89 1
90 1
91 1
92 1
93 1
94 1
95 1
96 1
97 1
98 1
99 8
100 1
101 1
102 8
103 1
104 11
105 9
106 3
107 7
108 3
109 10
110 10
111 3
112 3
113 3
114 1
115 1
116 1
117 1
118 1
119 1
120 1
121 1
122 1
123 1
124 1
125 11
126 1
127 1
128 9
129 9
130 9
131 10
132 3
133 1
134 1
135 1
136 1
137 1
138 1
139 11
140 1
141 1
142 1
143 1
144 1
145 1
146 1
147 11
148 1
149 9
150 1
151 1
152 9
153 11
154 1
155 1
156 1
157 1
158 11
159 1
160 1
161 1
162 11
163 11
164 6
165 8
166 8
167 8
168 10
169 8
170 10
171 10
172 2
173 2
174 10
175 8
176 10
177 9
178 9
179 9
180 9
181 9
182 10
183 10
184 10
185 4
186 6
187 6
188 11
189 9
190 8
191 5
192 5
193 5
194 5
195 5
196 5
197 5
198 5
199 5
200 5
201 5
202 8
203 5
204 5
205 5
206 5
207 5
208 12
209 5
210 5
211 5
212 5
213 5
214 5
