x
1 1
2 1
3 1
4 1
5 1
6 11
7 1
8 11
9 11
10 11
11 11
12 1
13 11
14 11
15 1
16 1
17 1
18 1
19 1
20 1
21 11
22 1
23 1
24 1
25 1
26 1
27 1
28 1
29 1
30 1
31 11
32 1
33 11
34 1
35 1
36 1
37 1
38 1
39 1
40 1
41 1
42 1
43 1
44 11
45 1
46 1
47 9
48 1
49 1
50 1
51 11
52 11
53 9
54 9
55 9
56 11
57 11
58 11
59 1
60 11
61 1
62 1
63 11
64 9
65 1
66 1
67 11
68 1
69 11
70 1
71 1
72 11
73 1
74 1
75 1
76 1
77 1
78 1
79 11
80 1
81 1
82 1
83 1
84 11
85 3
86 11
87 1
88 11
89 1
90 11
91 11
92 1
93 11
94 1
95 1
96 1
97 11
98 11
99 9
100 9
101 11
102 9
103 11
104 8
105 9
106 3
107 7
108 3
109 10
110 10
111 3
112 3
113 3
114 11
115 11
116 1
117 11
118 1
119 11
120 11
121 1
122 11
123 1
124 1
125 1
126 11
127 1
128 8
129 8
130 8
131 10
132 3
133 1
134 1
135 1
136 11
137 11
138 1
139 1
140 1
141 1
142 11
143 11
144 1
145 11
146 11
147 1
148 1
149 11
150 1
151 11
152 1
153 1
154 1
155 1
156 1
157 1
158 1
159 1
160 1
161 1
162 11
163 11
164 6
165 9
166 8
167 9
168 10
169 10
170 10
171 10
172 2
173 2
174 10
175 8
176 10
177 9
178 9
179 9
180 9
181 9
182 10
183 10
184 10
185 4
186 6
187 6
188 1
189 8
190 5
191 9
192 5
193 5
194 5
195 5
196 5
197 5
198 5
199 5
200 5
201 5
202 5
203 5
204 5
205 5
206 5
207 5
208 5
209 5
210 5
211 5
212 5
213 5
214 5
