x
1 1
2 1
3 6
4 1
5 1
6 6
7 1
8 1
9 1
10 6
11 6
12 6
13 6
14 1
15 6
16 6
17 1
18 1
19 1
20 6
21 6
22 1
23 6
24 6
25 1
26 6
27 6
28 6
29 6
30 6
31 6
32 1
33 6
34 6
35 6
36 6
37 1
38 6
39 1
40 1
41 1
42 6
43 6
44 1
45 1
46 1
47 1
48 1
49 1
50 1
51 1
52 1
53 1
54 6
55 6
56 6
57 6
58 6
59 1
60 1
61 1
62 1
63 1
64 1
65 1
66 1
67 1
68 1
69 1
70 1
71 6
72 1
73 6
74 6
75 6
76 6
77 6
78 6
79 6
80 6
81 6
82 6
83 6
84 6
85 6
86 6
87 6
88 6
89 6
90 6
91 1
92 6
93 6
94 6
95 6
96 1
97 1
98 6
99 5
100 6
101 6
102 1
103 1
104 1
105 1
106 3
107 3
108 6
109 3
110 3
111 3
112 3
113 3
114 1
115 6
116 1
117 1
118 6
119 6
120 6
121 1
122 6
123 6
124 6
125 1
126 6
127 6
128 6
129 6
130 3
131 3
132 3
133 1
134 6
135 1
136 1
137 1
138 6
139 6
140 6
141 6
142 1
143 6
144 6
145 6
146 6
147 1
148 6
149 5
150 6
151 6
152 6
153 1
154 6
155 6
156 1
157 6
158 1
159 6
160 6
161 6
162 1
163 6
164 6
165 6
166 3
167 3
168 3
169 5
170 3
171 3
172 2
173 2
174 3
175 6
176 3
177 6
178 1
179 5
180 6
181 5
182 5
183 5
184 3
185 4
186 6
187 6
188 1
189 6
190 5
191 5
192 5
193 5
194 5
195 5
196 5
197 5
198 5
199 5
200 5
201 5
202 5
203 5
204 5
205 5
206 5
207 5
208 5
209 5
210 5
211 5
212 5
213 5
214 5
