x
1 1
2 9
3 9
4 9
5 9
6 9
7 9
8 1
9 9
10 9
11 9
12 9
13 9
14 1
15 9
16 9
17 9
18 1
19 1
20 9
21 1
22 1
23 9
24 1
25 9
26 9
27 9
28 9
29 9
30 9
31 9
32 9
33 9
34 9
35 9
36 9
37 1
38 9
39 1
40 1
41 9
42 9
43 9
44 9
45 1
46 1
47 1
48 1
49 1
50 1
51 1
52 9
53 9
54 9
55 9
56 9
57 9
58 9
59 9
60 9
61 1
62 1
63 1
64 1
65 1
66 1
67 1
68 1
69 1
70 1
71 9
72 9
73 9
74 9
75 9
76 9
77 9
78 9
79 9
80 9
81 9
82 9
83 9
84 9
85 9
86 1
87 9
88 9
89 9
90 9
91 9
92 9
93 9
94 9
95 9
96 9
97 9
98 9
99 9
100 9
101 9
102 8
103 9
104 1
105 1
106 3
107 7
108 9
109 3
110 8
111 3
112 3
113 3
114 9
115 9
116 9
117 9
118 9
119 9
120 9
121 9
122 9
123 9
124 9
125 1
126 9
127 9
128 8
129 8
130 8
131 3
132 3
133 9
134 9
135 9
136 9
137 9
138 9
139 9
140 9
141 9
142 9
143 9
144 9
145 9
146 9
147 1
148 9
149 8
150 9
151 9
152 1
153 1
154 9
155 9
156 1
157 9
158 1
159 9
160 9
161 9
162 1
163 1
164 6
165 8
166 3
167 3
168 3
169 3
170 3
171 3
172 2
173 2
174 3
175 8
176 3
177 8
178 8
179 8
180 8
181 8
182 8
183 3
184 3
185 4
186 6
187 6
188 1
189 8
190 3
191 8
192 5
193 5
194 5
195 5
196 5
197 5
198 5
199 5
200 5
201 5
202 3
203 5
204 5
205 5
206 5
207 5
208 6
209 5
210 5
211 5
212 5
213 5
214 5
