x
1 8
2 1
3 1
4 1
5 1
6 1
7 1
8 11
9 1
10 1
11 1
12 1
13 1
14 11
15 1
16 1
17 1
18 8
19 8
20 1
21 1
22 8
23 1
24 1
25 1
26 1
27 1
28 1
29 1
30 1
31 1
32 1
33 11
34 1
35 1
36 1
37 1
38 1
39 8
40 8
41 1
42 1
43 1
44 1
45 11
46 1
47 8
48 8
49 8
50 1
51 8
52 11
53 11
54 11
55 11
56 11
57 1
58 1
59 11
60 1
61 8
62 8
63 8
64 8
65 8
66 8
67 8
68 8
69 8
70 8
71 1
72 1
73 1
74 1
75 1
76 1
77 1
78 1
79 1
80 1
81 1
82 1
83 1
84 1
85 3
86 1
87 1
88 1
89 1
90 1
91 1
92 1
93 1
94 1
95 1
96 1
97 1
98 11
99 11
100 11
101 11
102 11
103 11
104 8
105 8
106 3
107 7
108 3
109 10
110 10
111 3
112 3
113 3
114 1
115 1
116 1
117 1
118 1
119 1
120 1
121 1
122 1
123 1
124 1
125 1
126 1
127 1
128 11
129 11
130 10
131 10
132 3
133 1
134 11
135 1
136 1
137 1
138 1
139 1
140 1
141 1
142 1
143 1
144 1
145 11
146 1
147 1
148 1
149 1
150 1
151 1
152 8
153 8
154 1
155 1
156 11
157 1
158 8
159 1
160 1
161 1
162 8
163 8
164 6
165 13
166 13
167 13
168 10
169 13
170 10
171 10
172 2
173 2
174 10
175 13
176 10
177 11
178 11
179 11
180 11
181 11
182 10
183 10
184 10
185 4
186 9
187 9
188 8
189 8
190 5
191 5
192 5
193 5
194 5
195 5
196 5
197 5
198 5
199 5
200 5
201 5
202 5
203 5
204 5
205 5
206 5
207 5
208 12
209 5
210 5
211 5
212 5
213 5
214 5
