x
1 8
2 1
3 1
4 1
5 9
6 9
7 9
8 1
9 8
10 9
11 9
12 9
13 9
14 9
15 9
16 9
17 9
18 8
19 8
20 9
21 1
22 8
23 9
24 1
25 1
26 9
27 1
28 9
29 9
30 9
31 9
32 9
33 9
34 9
35 9
36 9
37 1
38 9
39 8
40 8
41 9
42 9
43 1
44 8
45 9
46 1
47 1
48 8
49 8
50 1
51 8
52 1
53 1
54 9
55 9
56 9
57 9
58 1
59 9
60 1
61 8
62 8
63 8
64 1
65 8
66 8
67 8
68 8
69 8
70 8
71 1
72 1
73 9
74 9
75 9
76 9
77 1
78 9
79 1
80 9
81 9
82 9
83 1
84 9
85 3
86 1
87 9
88 9
89 9
90 9
91 1
92 9
93 9
94 9
95 9
96 1
97 1
98 9
99 9
100 9
101 9
102 1
103 9
104 8
105 8
106 3
107 7
108 3
109 10
110 10
111 3
112 3
113 3
114 1
115 1
116 1
117 1
118 1
119 9
120 9
121 1
122 9
123 9
124 1
125 1
126 1
127 9
128 8
129 10
130 10
131 10
132 3
133 1
134 1
135 1
136 1
137 9
138 9
139 1
140 9
141 1
142 1
143 9
144 9
145 9
146 9
147 1
148 1
149 9
150 9
151 9
152 1
153 1
154 1
155 9
156 9
157 1
158 8
159 1
160 1
161 1
162 8
163 8
164 6
165 10
166 10
167 10
168 10
169 5
170 10
171 3
172 2
173 2
174 10
175 10
176 10
177 8
178 8
179 8
180 8
181 5
182 10
183 10
184 10
185 4
186 6
187 6
188 8
189 8
190 10
191 5
192 5
193 5
194 5
195 5
196 5
197 5
198 5
199 5
200 5
201 5
202 10
203 5
204 5
205 5
206 5
207 5
208 6
209 5
210 5
211 5
212 5
213 5
214 5
