ARI: 0.7396712573050748
minSplit: 0
Partition: 
[ 4  4  4  4  4  4  4  4  4  4  4  4  4  4  4  4  4  4  4  4  4  4  4  4
  4  4  4  4  4  4  4  4  4  4  4  4  4  4  4  4  4  4  4  4  4  4  4  4
  4  4  4  4  4  4  4  4  4  4  4  4  4  4  4  4  4  4  4  4  4  4  4  4
  4  4  4  4  4  4  4  4  4  4  4  4  4  4  4  4  4  4  4  4  4  4  4  4
  4  4  4  4  4  4  4  4  4  4  4  4 12 12 12 12 12 12 12 12 12 12 12 12
 12 12 12 12 12 12 12 12 12 12 12 12  7  7  7  7  7  8  8  7  7  7  7  7
  7  7  7  7  7  8  8  7  7  7  7  7  7  7  7  6  6  6  6  6  6  6  6  6
  6  6  6  6  6  6  6  6  6  6  6  6  6  6  6  6  6  6  6  6  6  6  6  6
  6  6  6  6  6  6  6  6  6  6  6  6  6  6  6  6  6  6  6  6  6  6  6  6
  6  6  6  6  6  6  6  6  6  6  6  6  6  6  6  6 10 10 10 10 10 10 10 10
 10 10 10 10 10 10 10 10 10 10 10 10 10 10 10 10 10 10 10 10 10 10 11 10
  0  0  0  0  0  0  0  0  5  5  5  5  5  5  5  5  0  0  0  0  0  0  0  0
  0  0  0  0  0  0  5  5  5  5  5  5  5  5  5  5  5  5  0  5  5  0  0  0
  0  5  5  5  5  5  5  5  5  5  5  5  5  5  5  5  5  5  5  5  5  5  5  5
  5  5  5  5  5  5  5  5  5  5  2  2  2  2  2  2  2  2  2  2  2  2  9  2
  2  2  2  2  2  2  2  2  2  2  2  2  2  2  2  2  2  2  2  2  2  2  2  2
  2  2  2  2  2  2  2  2  2  2  2  2  2  2  2  2  2  2  2  2  2  2  2  2
  2  2  2  2  2  2  2  2  2  2  2  2  2  2  2  2  2  2  2  2  2  2  2  2
  2  2  2  2  2  2  1  1  1  1  1  1  1  1  1  1  1  1  1  1  1  1  1  1
  1  1  1  1  1  1  1  1  1  1  1  1  1  1  3  3  3  1  1  1  3  3  3  3
  3  1  1  1  3  3  3  3  3  3  3  3  1  1  1  1  1  1  1  1  1  3  1  1
  3  3  3  3  3  3  3  3  3  3  3  3  1  1  1  3  3  3  3  3  3  1  1  3
  3  3  3  3  3  3  3  3  3  3  3  3  3  3  1  1  1  1  3  3  1  1  1  3
  1  1  1  1  1  1  1  1  1  1  3  1  1  1  1  1  1  3  3  3  1  1  1  1
  1  3  1  1  1  1  1  1  1  1  1  1]