ARI: 0.7918542295390427
minSplit: 0
Partition: 
[ 1  1  1  1  1  1  1  1  1  1  1  1  1  1  1  1  1  1  1  1  1  1  1  1
  1  1  1  1  1  1  1  1  1  1  1  1  1  1  1  1  1  1  1  1  1  1  1  1
  1  1  1  1  1  1  1  1  1  1  1  1  1  1  1  1  1  1  1  1  1  1  1  1
  1  1  1  1  1  1  1  1  1  1  1  1  1  1  1  1  1  1  1  1  1  1  1  1
  1  1  1  1  1  1  1  1  1  1  1  1 11 11 11 11 11 11 11 11 11 11 11 11
 11 11 11 11 11 11 11 11 11 11 11 11  0  0  0  0  0  0  0  0  0  0  0  0
  0  0  0  0  0  0  0  0  0  0  0  0  0  0  0  6  6  6  6  6  6  6  6  6
  6  6  6  6  6  6  6  6  6  6  6  6  6  6  6  6  6  6  6  6  6  6  6  6
  6  6  6  6  6  6  6  6  6  6  6  6  6  6  6  6  6  6  6  6  6  6  6  6
  6  6  6  6  6  6  6  6  6  6  6  6  6  6  6  6  8  8  8  8  8  8  8  8
  8  8  8  8  8  8  8  8  8  8  8  8  8  8  8  8  8  8  8  8  8  8  7  8
  3  3  3  3  3  3  3  3  3  3  3  3  3  3  3  3  9  3  3  3  3  3  3  3
  3  3  3  3  3  3  3  3  3  3  3  3  3  3  3  3  3  3  3  3  3  3  3  3
  3  3  3  3  3  3  3  3  3  3  3  3  3  3  3  3  3  3  3  3  3  3  3  3
  3  3  3  3  3  3  3  3  3  3  5  5  5  5  2  2  2  5  5  5  5  5  5  5
  2  2  2  2  2  2  2  5  5  5  5  2  2  2  2  2  2  2  5  5  5  2  2  2
  2  2 12 12 12 12 12 12 12 12 12 12 12 12 12 12 12 12 12 12 12 12 12 12
 12 12 12 12 12 12  5  5  2  2  2  2  5  5  5  2  2  2  5  5  5  5  5  2
  2  2  5  5  2  5 10 10 10 10 10 10  4  4  4  4 10 10 10 10  4  4  4  4
 10 10  4  4  4  4  4 10  4  4 10 10  4  4  4  4  4 10  4  4  4  4  4  4
  4  4  4 10  4  4  4  4  4  4  4  4 10 10 10  4 10 10 10 10  4  4  4 10
  4  4  4  4  4  4  4  4  4  4  4  4  4  4 10  4  4  4  4  4  4  4  4  4
  4  4  4  4  4  4  4  4  4  4  4  4  4  4 10 10 10 10  4  4 10 10 10  4
 10 10 10 10 10 10 10 10 10 10  4 10 10 10 10 10 10  4  4  4 10 10 10 10
 10  4 10 10 10 10 10 10 10 10 10 10]