ARI: 0.6379730979981371
minSplit: 0.24
Partition: 
[11 11 11 11 11 11 11 11 11 10 10 10 10 10 10 10 10 10 11 11 11 11 11 11
 11 11 11 11 11 11 10 10 10 10 10 10 10 10 10 10 10 10 10 11 11 11 11 11
 11 11 11 11 11 11 11 11 11 11 11 10 10 10 10 10 10 10 10 10 10 10 10 11
 10 10 10 10 10 10 11 11 11 11 11 11 10 10 10 11 11 11 11 11 11 11 11 11
 11 11 10 10 10 10 10 10 10 10 10 10  9  9  9  9  9  9  9  9  9  9  9  9
  9  9  9  9  9  9  9  9  9  9  9  9  1  1  1  1  1  1  1  1  1  1  1  1
  1  1  1  1  1  1  1  1  1  1  1  1  1  1  1  6  6  6  6  6  6  6  6  6
  6  6  6  6  6  6  6  6  6  6  6  6  6  6  6  6  6  6  6  6  6  6  6  6
  6  6  6  6  6  6  6  6  6  6  6  6  6  6  6  6  6  6  6  6  6  6  6  6
  6  6  6  6  6  6  6  6  6  6  6  6  6  6  6  6  8  8  8  8  8  8  8  8
  8  8  8  8  8  8  8  8  8  8  8  8  8  8  8  8  8  8  8  8  8  8  8  8
  4  4  4  4  4  4  4  4  3  3  3  3  3  3  3  3  4  4  4  4  4  4  4  4
  4  4  4  4  4  4  3  3  3  3  3  3  3  3  3  3  3  3  4  3  3  4  4  4
  4  3  3  3  3  3  3  3  3  3  3  3  3  3  3  3  3  3  3  3  3  3  3  3
  3  3  3  3  3  3  3  3  3  3  0  0  0  0  0  0  0  0  0  0  0  0  0  0
 12  0  0  0  0  0  0  0  0  0  0  0  0  0  0  0  0  0  0  0  0  0  0  0
  0  0 12 12 12 12 12 12 12 12 12 12 12 12 12 12 12 12 12 12 12 12 12 12
 12 12 12 12 12 12  0  0  0  0  0  0  0  7  0  0  0  0  0  0  0  0  0  0
  0  0  0  0  0  0  5  5  5  5  5  5  5  5  5  5  5  5  5  5  5  5  5  5
  5  5  5  5  5  5  5  5  5  5  5  5  5  5  2  2  2  5  5  5  5  5  5  5
  5  5  5  5  2  2  2  2  2  2  2  2  5  2  5  5  5  5  5  5  5  5  5  5
  5  5  5  5  5  5  5  5  5  5  5  5  5  5  5  2  2  2  2  2  2  5  5  5
  5  5  5  5  5  2  2  2  2  2  2  2  2  2  5  5  5  5  5  5  5  5  5  2
  5  5  5  5  5  5  5  5  5  5  5  5  5  5  5  5  5  5  5  5  5  5  5  5
  5  2  5  5  5  5  5  5  5  5  5  5]