ARI: 0.6555479734572519
minSplit: 0
Partition: 
[ 8  8  8  8  8  8  8 11 11  8  8  8  8  8  8  8  8  8  8  8  8  8  8  8
  8  8  8 11 11 11  8  8  8  8  8  8  8  8  8  8  8  8  8  8  8  8  8  8
  8  8  8  8  8  8 11 11 11 11 11  8  8  8  8  8  8  8  8  8  8  8  8  8
  8  8  8  8  8  8 11 11 11 11  8  8  8  8  8  8  8  8  8  8  8  8  8  8
  8  8  8  8  8  8  8  8  8  8  8  8 12 12 12 12 12 12 12 12 12 12 12 12
 12 12 12 12 12 12 12 12 12 12 12 12  7  7  7  7  7  9  9  7  7  7  7  7
  7  7  7  7  7  9  9  7  7  7  7  7  7  7  7  6  6  6  6  6  6  6  6  6
  6  6  6  6  6  6  6  6  6  6  6  6  6  6  6  6  6  6  6  6  6  6  6  6
  6  6  6  6  6  6  6  6  6  6  6  6  6  6  6  6  6  6  6  6  6  6  6  6
  6  6  6  6  6  6  6  6  6  6  6  6  6  6  6  6  3  3  3  3  3  3  3  3
  3  3  3  3  3  3  3  3  3  3  3  3  3  3  3  3  3  3  3  3  3  3  3  3
 10 10 10 10 10 10 10 10  4  4  4  4  4  4  4  4  3 10 10 10 10 10 10 10
 10 10 10 10 10 10  4  4  4  4  4  4  4  4  4  4  4  4 10  4  4 10 10 10
 10 10 10 10 10  4  4  4  4 10 10 10 10  4  4  4  4 10 10 10 10 10  4  4
  4  4  4  4  4  4  4 10  4 10  1  1  1  1  0  0  0  1  1  1  1  1  1  1
  0  0  0  0  0  0  0  1  1  1  1  0  0  0  0  0  0  0  1  1  1  0  0  0
  0  0  0  0  0  0  0  0  0  0  0  0  0  0  0  0  0  0  0  0  0  0  0  0
  0  0  0  0  0  0  1  1  0  0  0  0  1  1  1  0  0  0  1  1  1  1  1  0
  0  0  1  1  0  1  2  2  2  2  2  2  2  2  2  2  2  2  2  2  2  2  2  2
  2  2  2  2  2  2  2  2  2  2  2  2  2  2  5  5  5  2  2  2  2  2  2  2
  2  2  2  2  5  5  5  5  5  5  5  5  2  2  2  2  2  2  2  2  2  2  2  2
  2  2  2  2  2  2  2  2  2  2  2  2  2  2  2  5  5  5  5  5  5  2  2  2
  2  2  2  2  2  5  5  5  5  5  5  5  5  2  2  2  2  2  2  2  2  2  2  2
  2  2  2  2  2  2  2  2  2  2  2  2  2  2  2  2  2  2  2  2  2  2  2  2
  2  2  2  2  2  2  2  2  2  2  2  2]