ARI: 0.610300571227671
minSplit: 0.19999999999999996
Partition: 
[ 2  2  2  2  2  2  2  2  2 10 10 10 10 10 10 10 10 10  2  2  2  2  2  2
  2  2  2  2  2  2 10 10 10 10 10 10 10 10 10 10 10 10 10  2  2  2  2  2
  2  2  2  2  2  2  2  2  2  2  2 10 10 10 10 10 10 10 10 10 10 10 10  2
 10 10 10 10 10 10  2  2  2  2  2  2 10 10 10  2  2  2  2  2  2  2  2  2
  2  2 10 10 10 10 10 10 10 10 10 10  6  6  6  6  6  6  6  6  6  6  6  6
  6  6  6  6  6  6  6  6  6  6  6  6  3  3  3  3  3  3  3  3  3  3  3  3
  3  3  3  3  3  3  3  3  3  3  3  3  3  3  3  7  7  7  7  7  7  7  7  7
  7  7  7  7  7  7  7  7  7  7  7  7  7  7  7  7  7  7  7  7  7  7  7  7
  7  7  7  7  7  7  7  7  7  7  7  7  7  7  7  7  7  7  7  7  7  7  7  7
  7  7  7  7  7  7  7  7  7  7  7  7  7  7  9  7  4  4  4  4  4  4  4  4
  4  4  4  4  4  4  4  4  4  4  4  4  4  4  4  4  4  4  4  4  4  4  4  4
 12 12 12 12 12 12 12 12  8  8  8  8  8  8  8  8  4 12 12 12 12 12 12 12
 12 12 12 12 12 12  8  8  8  8  8  8  8  8  8  8  8  8 12  8  8 12 12 12
 12  8  8  8  8  8  8  8  8  8  8  8  8  8  8  8  8  8  8  8  8  8  8  8
  8  8  8  8  8  8  8  8  8  8  1  1  1  1  1  1  1  1  1  1  1  1  1  1
  1  1  1  1  1  1  1  1  1  1  1  1  1  1  1  1  1  1  1  1  1  1  1  1
  1  1  1  1  1  1  1  1  1  1  1  1  1  1  1  1  1  1  1  1  1  1  1  1
  1  1  1  1  1  1  1  1  1  1  1  1  1 11  1  1  1  1  1  1  1  1  1  1
  1  1  1  1  1  1  5  5  5  5  5  5  0  0  0  5  5  5  5  5  0  0  0  5
  5  5  0  0  0  0  5  5  0  0  5  5  0  0  5  5  5  5  0  0  0  0  0  0
  0  0  0  5  5  5  5  5  5  5  5  5  0  5  0  0  5  0  0  0  0  0  0  0
  0  0  0  0  0  0  0  0  0  0  0  0  0  0  5  5  5  5  5  5  5  0  0  0
  0  0  0  0  0  5  5  5  5  5  5  5  5  5  0  0  0  0  0  0  0  0  0  5
  0  0  0  0  0  0  0  0  0  0  0  0  0  0  0  0  0  0  0  0  0  0  0  0
  0  5  0  0  0  0  0  0  0  0  0  0]