563 1448 1347
2602 2832 136
647 609 1394
573 2590 1736
1466 212 925
833 436 2745
760 1408 2327
2624 502 1957
1274 193 2482
193 2672 2523
1469 2946 574
2889 2353 2324
1732 1244 1029
2264 247 1446
2515 2959 2961
3016 1586 308
480 1151 719
1080 1561 41
2405 2814 2010
1570 2411 2081
427 2229 2056
1673 1331 157
2626 220 2200
939 1280 615
1206 758 2958
2136 169 2570
226 1253 2748
202 1880 2996
2260 1621 2977
2806 1694 2217
310 2765 2021
267 217 947
2954 1472 2026
2389 2907 262
72 5 2566
1603 1679 436
1646 1294 2304
851 341 2523
3029 741 2119
2911 1618 1024
1486 1100 2270
2800 1914 1597
482 582 3004
1980 359 2423
2346 2454 940
1323 2747 371
927 785 1914
2645 2013 2098
847 474 640
1927 1321 551
1251 800 283
1312 1848 596
905 1738 580
452 151 1797
1682 776 2878
621 1644 4
425 476 2764
2651 2679 1075
2889 2532 986
1577 1759 2610
1258 1041 2736
32 1486 1743
1094 278 644
371 1089 2210
2115 2063 722
2617 395 2265
1759 1189 2967
224 850 390
1213 1853 2770
2981 431 2010
1782 2581 860
2233 1161 2441
2528 2620 843
513 1279 1907
2455 112 186
1239 2889 2660
839 908 1968
1407 444 814
1802 783 549
1769 1912 845
97 837 1428
69 1667 369
919 1966 2656
2905 2683 1686
1319 1938 2117
2243 158 1781
2133 780 2508
2319 2593 1400
245 219 415
2431 567 1678
8 2989 1993
2095 2166 2168
2230 549 2303
2054 1289 1425
913 1241 634
997 275 1692
420 2033 1842
287 938 3009
32 3011 1908
1294 1914 51
