657 424 1830
1953 451 2423
701 919 2140
1570 929 871
280 269 1129
798 2128 1765
2773 70 1931
1009 1996 1527
2226 2696 1882
1117 1204 852
1233 2078 2267
2471 2785 836
749 2087 694
136 1026 278
2362 62 2165
1260 2629 601
864 2282 48
3005 613 886
1824 830 2219
552 53 1694
169 106 2584
2652 373 2265
2899 637 1897
195 1562 358
1988 217 1633
2443 2360 450
2112 2517 2422
387 687 1639
1466 1473 1773
496 816 3004
1848 180 92
2975 761 2246
2729 1818 1756
2784 2890 2036
2582 66 694
2368 2654 1730
2364 171 1882
2006 320 1360
1342 428 2321
25 1628 1617
910 2031 1248
323 1972 2932
604 428 1438
2962 2228 849
1771 1577 949
1990 1072 1468
535 2503 2070
2887 2499 1693
1778 1559 559
559 2710 971
205 2960 2832
2811 126 916
2208 2194 2816
682 500 1637
2352 2935 1155
13 560 1232
1380 2058 3013
2758 2337 1194
41 474 1899
786 1956 2803
1062 2207 11
1988 718 1641
2711 2860 1427
1395 2722 2631
250 379 40
43 2408 1008
1533 1540 431
624 439 2592
2610 2948 602
190 888 2121
1651 1068 65
1809 770 2414
1038 223 29
2976 265 429
2933 2475 2322
1761 1993 2896
779 125 1421
937 1261 2735
1027 242 1527
926 2742 2885
1715 1877 1028
2224 197 2771
2706 572 1600
1973 1289 1784
443 2665 5
1661 2738 2906
2552 2389 1697
473 2486 2323
635 575 1261
1613 1091 2862
2349 2494 2711
101 1839 494
2523 430 1903
1345 1113 2174
224 830 2026
2207 1403 1297
251 1408 773
1089 2055 2607
519 2713 833
2322 2684 1372
