1573 1158 499
1231 1791 2418
2855 2524 1080
1283 2090 2004
2309 2566 294
1234 1899 589
956 823 1447
219 2633 1640
666 493 1273
2454 1104 107
1900 1742 707
300 452 2488
684 531 2915
562 2410 2498
2372 2338 1236
482 774 1553
2491 2484 2562
1885 2130 404
1466 27 9
2303 2251 929
2738 2822 2458
1262 2653 2999
1398 2455 885
1228 374 583
1438 673 70
450 2514 2784
1093 2635 3010
1640 1711 136
2499 2322 2239
745 787 540
1805 1628 2649
1478 1805 658
600 1492 759
1976 1143 2419
931 631 2771
2382 1126 1025
2993 1604 1437
2622 2076 2064
1317 1326 1039
1067 1135 2666
26 1835 1162
1566 3016 2447
1777 1730 630
1911 1401 2316
1006 2104 700
1575 2492 518
367 1386 1807
679 613 1208
1838 1129 2718
362 835 802
1376 604 2647
2511 301 795
2509 1546 211
2297 3020 1022
540 74 2764
760 767 2365
1021 1873 2405
2881 2620 2390
2982 543 532
969 719 2566
2600 36 1448
1075 1305 1903
644 2612 2848
1579 1315 1626
2885 2584 537
886 2282 492
1641 174 827
2094 1807 2770
271 1113 2418
1682 2209 632
376 1933 1844
1952 1355 1992
1521 3024 2175
240 738 2482
50 1721 1287
1099 1346 2462
1237 1777 2010
2793 68 327
1697 1261 740
1632 634 2335
2075 839 195
1928 257 2325
2372 525 1729
996 1158 1679
2501 3000 81
1500 2118 2294
1827 1925 1569
2738 2540 734
1803 2565 2901
1960 1892 422
1454 743 2148
2254 283 1822
1659 607 2245
1420 185 60
2156 2607 1756
346 538 2135
1566 964 2409
47 2874 232
1076 1331 1569
2849 1 2178
