297 292 1401
120 1106 292
1964 1094 1597
2240 1270 1864
859 1493 2637
2849 475 157
934 125 2649
285 2934 2223
2871 925 2000
170 436 572
2332 835 1684
435 1543 1995
2288 839 1376
2189 1469 367
1284 1652 2461
2203 2274 1755
2598 2686 840
2460 2006 1484
438 2831 2082
216 296 2553
959 507 3015
2668 458 991
1986 1542 2567
2475 1781 1685
2224 1894 2432
697 235 1018
2085 1130 2643
215 1474 1816
42 1824 987
787 781 294
2092 78 2973
217 1789 1896
206 2551 1036
2389 2863 1548
44 354 861
2295 1004 2270
1315 1286 2888
2158 638 3020
2449 1372 1951
2951 2938 80
2232 1176 517
1636 1069 971
1014 856 1116
2506 1887 2027
2571 109 2268
657 1311 1488
2475 2486 1446
1941 2005 579
1216 1201 587
1923 1797 1412
576 318 1722
401 2158 1037
2731 2544 1414
1796 1831 576
2593 772 2047
1086 1302 1328
2109 1121 514
2789 676 1352
253 2640 2507
527 687 2569
2197 743 2689
2085 1176 1243
2709 2797 310
1604 1461 508
1451 1477 133
1690 1393 2843
2948 1327 1968
1039 1856 594
1912 1103 96
319 2764 2822
879 1154 79
2491 664 1155
583 2544 2713
1348 228 1044
1637 902 2795
1955 2710 2355
1953 704 2093
1172 1107 796
683 1658 1447
1282 1265 2564
354 575 1125
601 2407 1440
2515 1407 2266
20 2624 743
2343 2442 1427
194 1115 2103
3012 2417 2254
1174 2476 2510
2469 123 1568
1284 2613 2925
1626 1712 2281
1442 1246 1147
1539 871 448
1820 919 447
2931 2528 127
2135 1087 21
2486 252 1932
26 2679 135
87 864 2397
1247 1805 794
