912 723 2199
2332 548 1004
642 1309 2954
2903 2531 1876
145 742 2273
1199 1761 292
2639 1545 495
803 754 1697
2699 1498 710
211 1027 1146
1564 2510 169
1691 754 2770
2631 2658 499
2817 609 1401
997 524 2826
872 2003 479
308 2624 26
1101 651 2783
759 1772 2411
2956 2673 2075
2824 2923 3025
1770 1921 2048
1343 1267 2779
424 569 69
2095 740 1681
961 2116 1214
451 2481 1253
2587 640 1085
570 684 2203
2457 2877 1733
2175 2190 2419
2834 35 2102
1248 1723 2620
1470 1338 2395
1776 1136 2502
1077 243 604
115 1603 2729
2628 1692 315
1478 1790 96
2270 2052 1253
395 2510 206
463 2943 1517
1037 523 2599
1888 2960 2001
2952 701 1292
2874 584 226
2420 2845 1960
363 139 1523
2161 995 607
2152 1192 2322
508 772 1100
256 1474 2731
409 1408 1965
867 1038 1469
410 635 1456
1911 1251 380
1002 737 2619
987 1718 2890
765 2710 64
2025 2100 265
191 824 1982
2765 1366 874
44 1917 1147
11 2318 1393
41 1479 1945
2625 2479 2061
1891 2185 2100
2470 189 1482
2103 717 411
1442 2862 2305
1123 1629 125
2800 156 192
2079 760 2744
2751 2939 961
2215 263 672
1920 2106 553
818 1144 269
724 513 1399
2411 2352 851
1329 1674 1385
2190 134 161
1652 888 630
1555 2465 316
1403 2111 965
1954 1218 2859
2490 536 1790
1596 656 2206
2594 2433 808
1042 441 2493
2064 1759 615
2219 582 2645
1623 1506 2400
1094 611 2066
451 1156 1576
2695 1985 1363
2465 25 1453
3026 2784 2121
2427 2521 2855
1291 1380 1075
1540 1574 1668
