ARI: 0.7059354093929068
minSplit: 0.24
Partition: 
[ 0  0  0  0  0  0  0  0  0  0  0  0  0  0  0  0  0  0  0  0  0  0  0  0
  0  0  0  0  0  0  0  0  0  0  0  0  0  0  0  0  0  0  0  0  0  0  0  0
  0  0  0  0  0  0  0  0  0  0  0  0  0  0  0  0  0  0  0  0  0  0  0  0
  0  0  0  0  0  0  0  0  0  0  0  0  0  0  0  0  0  0  0  0  0  0  0  0
  0  0  0  0  0  0  0  0  0  0  0  0 12 12 12 12 12 12 12 12 12 12 12 12
 12 12 12 12 12 12 12 12 12 12 12 12  4  4  4  4  4  4  4  4  4  4  4  4
  4  4  4  4  4  4  4  4  4  4  4  4  4  4  4  6  6  6  6  6  6  6  6  6
  6  6  6  6  6  6  6  6  6  6  6  6  6  6  6  6  6  6  6  6  6  6  6  6
  6  6  6  6  6  6  6  6  6  6  6  6  6  6  6  6  6  6  6  6  6  6  6  6
  6  6  6  6  6  6  6  6  6  6  6  6  6  6  6  6  8  8  8  8  8  8  8  8
  8  8  8  8  8  8  8  8  8  8  8  8  8  8  8  8  8  8  8  8  8  8  9  8
 10 10 10 10 10 10 10 10  3  3  3  3  3  3  3  3 11 10 10 10 10 10 10 10
 10 10 10 10 10 10  3  3  3  3  3  3  3  3  3  3  3  3 10  3  3 10 10 10
 10  3  3  3  3  3  3  3  3  3  3  3  3  3  3  3  3  3  3  3  3  3  3  3
  3  3  3  3  3  3  3  3  3  3  2  2  2  2  2  2  2  2  2  2  2  2  2  2
  2  2  2  2  2  2  2  2  2  2  2  2  2  2  2  2  2  2  2  2  2  2  2  2
  2  2  2  2  2  2  2  2  2  2  2  2  2  2  2  2  2  2  2  2  2  2  2  2
  2  2  2  2  2  2  2  2  2  2  2  2  2  7  2  2  2  2  2  2  2  2  2  2
  2  2  2  2  2  2  1  1  1  1  1  1  1  1  1  1  1  1  1  1  1  1  1  1
  1  1  1  1  1  1  1  1  1  1  1  1  1  1  1  1  1  1  1  1  5  5  5  5
  5  1  1  1  1  1  1  1  1  1  1  1  1  1  1  1  1  1  1  1  1  5  1  1
  5  5  5  5  5  5  5  5  1  5  5  5  1  1  1  1  1  1  1  1  1  1  1  5
  5  5  5  5  5  1  1  1  1  1  1  1  1  1  1  1  1  1  5  5  1  1  1  1
  1  1  1  1  1  1  1  1  1  1  5  1  1  1  1  1  1  5  5  5  1  1  1  1
  1  1  1  1  1  1  1  1  1  1  1  1]