202 206 69
100 92 212
199 186 30
83 81 179
105 83 30
101 44 8
172 75 44
82 67 157
60 144 199
126 123 8
104 92 196
77 56 58
168 205 125
80 62 184
144 118 116
117 4 152
22 8 207
47 23 105
42 71 185
164 40 201
129 61 212
48 39 121
76 27 68
62 124 198
135 39 186
42 5 100
61 96 176
118 90 37
11 41 212
56 77 158
70 205 168
176 6 204
143 122 123
53 158 73
194 99 55
60 116 74
25 211 199
205 84 23
161 68 112
118 201 184
9 23 140
115 40 181
180 190 194
202 160 9
143 160 51
159 6 176
158 115 99
104 17 60
103 64 174
59 42 184
123 150 213
199 159 49
8 177 191
108 91 0
204 10 105
93 118 27
79 1 191
70 181 203
7 211 166
100 72 148
124 88 93
140 104 33
5 47 190
204 1 3
206 192 155
19 26 149
4 6 11
53 127 209
10 55 18
200 203 100
83 89 160
75 113 101
191 188 7
129 88 27
50 6 83
201 175 7
127 94 72
77 37 199
100 37 174
177 164 96
213 94 90
210 109 139
157 64 79
138 25 209
181 146 44
56 32 183
162 145 212
73 209 210
120 19 25
88 81 22
62 146 118
203 210 180
57 14 162
72 13 202
171 31 0
176 181 12
46 8 164
177 4 208
159 43 97
110 75 81
