71 112 21
193 61 45
76 148 204
22 62 188
128 77 150
25 6 48
158 86 192
90 168 192
133 8 45
154 137 205
31 14 21
55 97 181
205 209 110
127 156 58
21 17 121
70 98 156
59 24 61
100 42 196
47 165 212
106 32 41
198 160 50
74 35 174
25 8 36
109 138 182
198 129 137
179 123 137
106 117 147
180 4 113
68 66 118
7 91 133
187 68 48
4 148 113
112 32 61
63 180 195
104 66 204
47 0 198
12 56 33
159 194 183
201 34 90
152 39 50
87 71 8
90 86 63
67 140 123
177 30 109
89 147 199
191 205 110
58 87 127
176 6 80
18 76 79
2 116 166
76 159 178
24 190 201
171 207 139
27 98 140
205 153 64
15 67 92
123 133 149
28 141 103
46 74 207
71 146 30
1 85 137
84 36 152
32 151 165
201 46 106
43 137 199
5 137 168
70 147 68
190 207 75
6 1 108
14 142 191
123 145 176
128 54 162
149 157 41
5 100 213
128 102 60
202 197 104
67 131 163
177 40 137
137 15 211
180 52 46
113 186 211
14 133 129
106 127 116
99 137 48
179 128 71
118 142 19
170 22 59
121 93 207
53 206 183
27 0 172
142 57 186
120 187 213
124 87 53
13 39 80
170 197 40
102 116 105
88 80 36
16 69 145
31 68 144
19 67 48
