54 159 107
141 107 182
3 37 36
88 137 8
50 5 167
122 145 191
124 92 46
138 49 185
37 135 172
143 97 47
159 74 165
19 130 196
64 32 204
116 140 13
79 88 138
24 159 107
210 24 89
81 6 211
168 176 135
163 132 62
121 85 192
192 46 73
169 119 116
28 144 151
127 117 108
159 73 34
127 34 191
161 58 50
156 211 202
2 129 184
35 6 79
58 4 6
10 140 197
141 68 200
162 68 208
118 91 104
123 3 49
108 35 17
52 1 99
61 32 101
37 89 190
178 95 111
163 49 157
51 31 136
115 110 15
200 192 82
11 36 204
57 53 102
91 116 190
49 7 129
131 122 151
61 141 196
69 98 129
178 12 200
148 153 57
110 62 14
173 130 203
126 87 73
57 187 190
36 117 152
164 2 17
184 182 66
178 179 62
79 121 194
0 64 142
16 124 106
163 3 5
158 34 43
61 65 103
191 176 99
202 71 135
36 138 89
77 81 78
17 58 93
92 127 107
198 24 30
74 131 112
8 37 182
181 176 7
213 20 134
131 115 151
63 15 144
156 9 8
20 92 89
2 91 120
65 73 75
168 66 106
198 146 23
118 78 176
68 4 171
29 12 154
202 97 50
161 22 13
112 72 65
183 108 112
16 20 180
138 88 198
2 60 163
37 10 162
211 137 50
