37 52 170
202 8 38
59 6 115
130 88 58
174 64 83
212 178 183
61 143 177
149 157 8
23 188 205
127 99 194
118 19 199
29 79 133
26 58 155
134 81 142
9 85 190
59 23 162
145 168 169
31 23 77
192 94 154
46 31 147
193 124 105
159 140 65
99 75 188
109 142 80
182 154 8
143 134 51
114 92 158
99 124 14
35 122 210
167 61 78
194 46 135
177 49 138
74 95 162
74 112 62
6 24 209
140 6 171
210 194 4
196 101 89
28 50 135
165 197 21
199 192 17
55 62 93
19 144 182
143 86 111
128 176 186
125 155 206
131 94 68
166 119 8
154 120 64
10 81 160
10 39 139
176 10 165
177 22 195
111 93 195
34 86 194
6 2 182
67 35 12
88 73 173
111 82 194
25 154 159
103 96 47
122 109 33
115 60 179
12 134 206
119 73 121
180 184 161
104 78 208
26 59 118
127 73 62
143 127 38
161 159 100
115 74 67
40 66 18
81 4 183
36 54 149
198 182 56
150 125 177
142 8 178
14 62 134
105 90 148
178 153 140
81 70 207
147 143 10
59 53 166
210 26 136
82 87 171
26 69 71
19 185 105
131 116 15
153 2 98
19 21 210
79 47 201
198 186 18
61 21 9
196 177 36
83 125 133
114 91 97
10 154 181
157 39 54
160 153 103
