191 126 107
127 149 199
100 148 39
45 134 188
109 120 29
68 69 165
49 97 204
143 114 202
67 65 92
144 85 160
2 49 195
31 30 156
210 26 110
33 126 129
40 155 128
28 43 74
142 93 79
28 4 78
40 9 69
103 130 161
98 96 169
161 35 199
38 196 109
19 86 187
189 90 72
156 25 103
45 206 211
124 125 121
38 12 181
85 100 10
54 65 61
208 104 10
66 98 84
125 110 150
199 22 16
201 145 131
18 44 186
174 49 161
116 24 31
37 11 99
96 130 25
44 113 108
149 25 174
3 40 43
175 177 80
182 95 115
213 156 81
179 187 202
50 44 205
54 60 43
154 155 54
142 21 212
143 114 129
54 0 82
173 107 65
104 103 95
22 129 189
139 137 7
145 9 48
17 66 172
111 69 33
177 41 202
104 105 185
189 104 154
41 85 182
79 95 43
16 35 70
180 93 172
188 160 141
58 2 21
38 17 109
49 181 196
74 114 18
43 68 90
134 56 64
168 101 7
84 58 60
69 42 126
84 85 64
109 102 175
212 5 116
182 128 71
58 68 77
11 15 200
126 137 95
102 4 167
177 161 48
205 176 15
63 62 73
136 135 47
115 21 204
10 34 199
64 48 127
22 36 105
68 22 37
22 161 191
156 155 102
107 94 27
65 140 75
156 100 180
