ARI: 0.6905996758448059
minSplit: 0
Partition: 
[ 2  2  2  2  2 10 10 10 10  2  2  2  2  2  2  2  2  2  2  2  2  2  2  2
  2 10 10 10 10 10  2  2  2  2  2  2  2  2  2  2  2  2  2  2  2  2  2  2
  2  2  2 10 10 10 10 10 10 10 10  2  2  2  2  2  2  2  2  2  2  2  2  2
  2  2  2  2  2  2 10 10 10 10 10 10  2  2  2 10 10  2  2  2  2  2  2  2
  2  2  2  2  2  2  2  2  2  2  2  2 12 12 12 12 12 12 12 12 12 12 12 12
 12 12 12 12 12 12 12 12 12 12 12 12 11 11 11 11 11  8  8 11 11 11 11 11
 11 11 11 11 11  8  8 11 11 11 11 11 11 11 11  6  6  6  6  6  6  6  6  6
  6  6  6  6  6  6  6  6  6  6  6  6  6  6  6  6  6  6  6  6  6  6  6  6
  6  6  6  6  6  6  6  6  6  6  6  6  6  6  6  6  6  6  6  6  6  6  6  6
  6  6  6  6  6  6  6  6  6  6  6  6  6  6  6  6  4  4  4  4  4  4  4  4
  4  4  4  4  4  4  4  4  4  4  4  4  4  4  4  4  4  4  4  4  4  4  4  4
  4  4  4  4  4  4  4  4  1  1  1  1  1  1  1  1  4  4  4  4  4  4  4  4
  4  4  4  4  4  4  1  1  1  1  1  1  1  1  1  1  1  1  4  1  1  4  4  4
  4  1  1  1  1  1  1  1  1  1  1  1  1  1  1  1  1  1  1  1  1  1  1  1
  1  1  1  1  1  1  1  1  1  1  9  9  9  9  9  9  9  9  9  9  9  9  7  9
  5  9  9  9  9  9  9  9  9  9  9  9  9  9  9  9  9  9  9  9  9  9  9  9
  9  9  5  5  5  5  5  5  5  5  5  5  5  5  5  5  5  5  5  5  5  5  5  5
  5  5  5  5  5  5  9  9  9  9  9  9  9  9  9  9  9  9  9  9  9  9  9  9
  9  9  9  9  9  9  0  0  0  0  0  0  0  0  0  0  0  0  0  0  0  0  0  0
  0  0  0  0  0  0  0  0  0  0  0  0  0  0  0  0  0  0  0  0  3  3  3  3
  3  0  0  0  0  0  0  0  0  0  0  0  3  0  3  0  0  3  3  3  3  3  3  3
  3  3  3  3  3  3  3  3  3  3  3  3  3  3  0  0  0  0  0  0  0  0  0  3
  3  3  3  3  3  0  0  0  0  0  0  0  0  0  3  3  3  3  3  3  3  3  3  0
  3  3  3  3  3  3  3  3  3  3  3  3  3  3  3  3  3  3  3  3  3  3  3  3
  3  0  3  3  3  3  3  3  3  3  3  3]