1130 2022 -1
869 1565 -1
1228 287 -1
2693 742 -1
820 1913 -1
1996 910 -1
548 2889 -1
222 2879 -1
1871 448 -1
754 654 -1
2258 2435 -1
638 77 -1
858 562 -1
2442 1731 -1
860 766 1
2970 1625 -1
1345 1867 1
1016 824 1
1265 2915 -1
1181 676 -1
1011 2817 -1
948 2746 -1
472 453 1
1845 1097 1
2964 1708 -1
1904 2349 -1
746 497 -1
2633 255 -1
244 1648 -1
123 3023 -1
182 966 -1
2806 1301 -1
426 85 -1
1493 2783 -1
1689 2750 -1
2015 701 -1
2679 283 -1
2101 442 -1
2801 2440 1
1413 1288 1
74 2107 -1
2945 99 -1
326 687 -1
1458 1622 1
2262 2852 -1
814 1633 -1
1038 2077 -1
301 112 -1
468 209 -1
758 201 -1
