123 2894 -1
3005 2286 -1
747 331 -1
71 2356 -1
2889 2250 -1
1130 3016 -1
1774 2920 -1
960 998 1
2184 1446 -1
783 2789 -1
432 1479 -1
652 1270 -1
2347 832 -1
2419 2067 -1
2422 2319 1
851 2981 -1
194 2334 -1
2441 903 -1
1358 2854 -1
536 1026 -1
2431 175 -1
369 1673 -1
1166 705 -1
1934 888 -1
2669 2911 1
1648 381 -1
1741 728 -1
589 1452 -1
1691 2227 -1
1921 461 -1
1702 1037 -1
1441 2725 -1
2308 1672 -1
1956 759 -1
1215 2257 -1
2943 2706 1
1304 2264 -1
1432 2196 -1
2595 2021 -1
3001 440 -1
409 1351 -1
2068 1006 -1
1136 2418 -1
2242 1422 -1
1082 772 -1
2847 1776 -1
2314 1144 -1
959 2215 -1
2620 449 -1
853 1745 -1
