1 151 -1
443 1075 -1
1581 1474 1
1656 599 -1
1056 1411 1
1705 1032 -1
2198 164 -1
794 1101 -1
1588 139 -1
2269 2379 -1
2566 2934 1
2826 2863 1
2527 2164 -1
2910 2523 1
2614 698 -1
2280 411 -1
1079 1036 -1
362 1869 -1
662 399 -1
2556 1224 -1
884 2413 -1
1838 744 -1
1702 2775 -1
627 1921 -1
2512 29 -1
2366 484 -1
2012 2090 1
2603 1751 -1
207 2562 -1
1286 2478 -1
916 2383 -1
1461 2117 -1
1942 1020 -1
17 2263 -1
736 1503 -1
2468 248 -1
2383 1588 -1
436 1359 -1
2294 1748 -1
2620 647 -1
2006 1026 -1
2777 1445 -1
1316 2402 -1
231 2356 -1
52 184 -1
1572 2925 -1
808 721 1
2302 607 -1
1840 2958 -1
406 1354 -1
