1980 102 -1
242 2878 -1
2200 3012 -1
916 1350 -1
2057 1592 -1
1638 453 -1
2709 954 -1
2426 2730 1
355 27 -1
1700 2705 -1
1240 217 -1
3005 2636 1
774 2079 -1
163 652 -1
3015 2948 1
586 2605 -1
950 1410 -1
1232 2543 -1
584 1531 -1
727 1130 -1
1443 2619 -1
2446 2433 1
1134 547 -1
2354 1767 -1
2432 1273 -1
795 2927 -1
86 441 -1
558 975 -1
1954 2917 -1
592 661 1
1366 1130 1
1212 1941 1
472 2688 -1
268 2045 -1
2225 843 -1
2698 1583 -1
2400 1111 -1
2075 2642 -1
1989 607 -1
2149 20 -1
1093 2059 -1
2456 1290 -1
657 1519 -1
1299 1940 1
2492 2780 1
1165 67 -1
1676 1460 1
3010 372 -1
792 2662 -1
2922 2082 -1
