286 2226 -1
1739 938 -1
928 2517 -1
248 2984 -1
110 2371 -1
239 1030 -1
1453 1132 1
2322 823 -1
2855 962 -1
1694 1610 1
1923 1314 1
1300 493 -1
1525 94 -1
2682 266 -1
473 1933 -1
2623 2312 1
1232 2697 -1
2808 991 -1
779 1030 1
2458 467 -1
2171 470 -1
1613 1388 1
2632 1959 -1
2183 1447 -1
1371 89 -1
2838 487 -1
576 1832 -1
974 2698 -1
830 1323 -1
1101 1126 1
41 1603 -1
153 725 -1
307 2821 -1
265 1364 -1
2070 1374 -1
308 2991 -1
1268 2255 -1
1747 1167 1
571 2028 -1
1235 679 -1
499 2092 -1
2508 1180 -1
354 2196 -1
532 1779 -1
296 410 -1
186 391 -1
714 1547 -1
529 2496 -1
1032 1676 -1
1388 1060 1
