1346 331 -1
22 2012 -1
1636 2210 -1
2176 1957 -1
1077 2038 -1
2937 2217 -1
1345 1632 1
1902 74 -1
2066 2598 -1
2520 2179 -1
2553 1108 -1
2803 800 -1
749 1561 -1
250 968 -1
2822 2797 1
166 264 -1
127 1792 -1
2284 1774 -1
2801 475 -1
1611 2060 -1
2148 1572 -1
2112 2216 1
911 1040 1
2535 2528 1
583 2119 -1
723 898 1
2133 1670 -1
544 2066 -1
1443 52 -1
1176 1658 1
99 646 -1
774 871 1
1343 140 -1
2343 677 -1
1503 1290 1
1564 1354 1
2954 1826 -1
1678 2912 -1
2315 1597 -1
150 2372 -1
2578 517 -1
2866 1471 -1
81 1339 -1
2653 1162 -1
658 1867 -1
2562 1792 -1
2818 1254 -1
306 638 -1
2823 674 -1
1798 2300 -1
