931 1265 -1
1642 2264 -1
327 2359 -1
103 563 -1
1683 137 -1
1468 2038 -1
1559 257 -1
799 1992 -1
2889 2767 1
982 1000 1
623 2139 -1
1140 554 -1
2732 1475 -1
2984 1636 -1
2265 121 -1
1023 1398 -1
2386 391 -1
980 2447 -1
2524 1871 -1
1200 1338 1
1810 2937 -1
2765 2235 -1
1894 1662 1
807 2924 -1
803 595 -1
2928 3030 1
784 1839 -1
341 915 -1
488 1253 -1
1010 519 -1
1191 2721 -1
1071 1287 1
406 2925 -1
1125 1976 -1
2408 1738 -1
1426 2924 -1
2861 607 -1
1727 382 -1
2992 1232 -1
2994 339 -1
59 40 1
775 2661 -1
445 1777 -1
570 232 -1
2772 435 -1
2863 350 -1
219 1874 -1
1504 425 -1
2047 2090 1
2404 1775 -1
