584 1661 -1
2858 574 -1
1476 1920 1
2052 2530 -1
2888 599 -1
17 1187 -1
1232 378 -1
674 2438 -1
1482 1039 -1
1950 2954 -1
1141 1548 1
160 1973 -1
2979 1930 -1
2261 1212 -1
2560 2810 1
370 256 -1
2373 1281 -1
2036 1050 -1
2108 642 -1
2827 2922 1
2219 1878 -1
2925 909 -1
2098 2744 -1
2371 2947 1
2407 589 -1
1105 835 -1
1825 1516 1
2889 2065 -1
214 2154 -1
3022 867 -1
2283 932 -1
1644 339 -1
2945 693 -1
60 1206 -1
338 775 -1
1271 2117 -1
2629 1598 -1
1576 1962 -1
1532 2329 -1
2168 1664 -1
2095 923 -1
955 870 1
1813 1069 1
970 476 -1
1299 395 -1
1532 721 -1
239 145 -1
58 2069 -1
2498 2737 1
96 430 -1
