2089 372 -1
16 2120 -1
2773 1497 -1
316 279 -1
2937 1856 -1
2614 1081 -1
573 293 -1
730 2922 -1
1510 2708 -1
1163 1157 1
1160 2889 -1
2398 73 -1
506 2977 -1
1950 1638 1
1527 850 -1
1097 2578 -1
1109 862 -1
3004 1270 -1
655 704 1
926 1878 -1
198 2229 -1
832 1374 -1
1843 1072 1
2198 373 -1
2739 1600 -1
1158 1065 1
1711 771 -1
768 2185 -1
2554 820 -1
1421 1349 1
1482 2570 -1
2560 2322 1
1938 2724 -1
2083 778 -1
1768 629 -1
346 2968 -1
795 372 -1
2857 2763 1
2220 2063 1
2366 2696 1
2859 2814 1
2963 1323 -1
2000 1862 -1
1789 2433 -1
1903 1580 1
1825 1061 1
1998 2472 -1
433 2439 -1
1066 2559 -1
2125 2739 -1
