2031 2294 -1
2285 779 -1
693 2575 -1
2587 2012 -1
1350 2042 -1
805 1197 -1
2918 494 -1
2353 737 -1
325 1042 -1
1219 2088 -1
25 1815 -1
2812 1454 -1
188 2839 -1
1542 916 -1
2359 882 -1
1572 2060 -1
1642 1054 -1
1645 1216 1
2748 250 -1
2855 2324 1
1199 1714 1
1928 1858 1
490 211 -1
214 2347 -1
109 2277 -1
2925 2442 1
2641 482 -1
2566 1716 -1
1515 142 -1
2871 210 -1
1648 2719 -1
2662 2622 1
1676 2119 -1
1718 1462 1
144 2702 -1
2298 133 -1
553 690 1
240 1229 -1
295 2035 -1
2257 116 -1
3 2199 -1
2432 2272 -1
742 308 -1
2286 2467 -1
1678 811 -1
1189 657 -1
2237 919 -1
1438 973 -1
2052 1873 -1
1726 163 -1
