ARI: 0.5772537011086952
minSplit: 0.19999999999999996
Partition: 
[ 9  9  9  9  9  9  9 10 10  1  1  1  1  1  1  1  1  1  9  9  9  9  9  9
  9  9  9 10 10 10  1  1  1  1  1  1  1  1  1  1  1  1  1  9  9  9  9  9
  9  9  9  9  9  9 10 10 10 10 10  1  1  1  1  1  1  1  1  1  1  1  1  1
  1  1  1  1  1  1 10 10 10 10  9  9  1  1  1  9  9  9  9  9  9  9  9  9
  9  9  1  1  1  1  1  1  1  1  1  1 12 12 12 12 12 12 12 12 12 12 12 12
 12 12 12 12 12 12 12 12 12 12 12 12  2  2  2  2  2  2  2  2  2  2  2  2
  2  2  2  2  2  2  2  2  2  2  2  2  2  2  2  6  6  6  6  6  6  6  6  6
  6  6  6  6  6  6  6  6  6  6  6  6  6  6  6  6  6  6  6  6  6  6  6  6
  6  6  6  6  6  6  6  6  6  6  6  6  6  6  6  6  6  6  6  6  6  6  6  6
  6  6  6  6  6  6  6  6  6  6  6  6  6  6  6  6  8  8  8  8  8  8  8  8
  8  8  8  8  8  8  8  8  8  8  8  8  8  8  8  8  8  8  8  8  8  8  7  8
  0  0  0  0  0  0  0  0  0  5  5  5  5  5  5  5  0  0  0  0  0  0  0  0
  0  0  0  0  0  0  0  0  5  5  5  5  5  5  5  5  5  5  0  5  5  0  0  0
  0  0  0  0  0  0  0  0  0  0  0  0  0  0  0  0  0  0  0  0  0  0  0  0
  0  0  0  0  0  0  0  0  0  0  3  3  3  3  3  3  3  3  3  3  3  3  3  3
  3  3  3  3  3  3  3  3  3  3  3  3  3  3  3  3  3  3  3  3  3  3  3  3
  3  3  3  3  3  3  3  3  3  3  3  3  3  3  3  3  3  3  3  3  3  3  3  3
  3  3  3  3  3  3  3  3  3  3  3  3  3  3  3  3  3  3  3  3  3  3  3  3
  3  3  3  3  3  3  4  4  4  4  4  4  4  4  4  4  4  4  4  4  4  4  4  4
  4  4  4  4  4  4  4  4  4  4  4  4  4  4 11  4  4  4  4  4  4  4  4  4
  4  4  4  4  4  4  4 11  4  4  4  4  4  4  4  4  4  4  4  4  4  4  4  4
  4  4  4  4  4  4  4  4  4  4  4  4  4  4  4  4  4  4  4  4  4  4  4  4
  4  4  4  4  4 11  4 11  4  4  4  4  4  4  4  4  4  4  4  4  4  4  4  4
  4  4  4  4  4  4  4  4  4  4  4  4  4  4  4  4  4  4  4  4  4  4  4  4
  4  4  4  4  4  4  4  4  4  4  4  4]