BP Km
[0.468, 0.471, 0.475, 0.51, 0.456, 0.499, 0.516, 0.49, 0.503, 0.472]

Kmeans
[0.73, 0.73, 0.73, 0.73, 0.73, 0.73, 0.73, 0.73, 0.73, 0.73]

EAC
[0.566, 0.566, 0.566, 0.566, 0.566, 0.566, 0.642, 0.566, 0.566, 0.566]

Constr EAC
[[0.566, 0.561, 0.561, 0.566, 0.566], [0.566, 0.561, 0.561, 0.564, 0.564], [0.566, 0.561, 0.561, 0.566, 0.566], [0.566, 0.566, 0.566, 0.564, 0.566], [0.566, 0.561, 0.561, 0.566, 0.566], [0.566, 0.562, 0.562, 0.564, 0.564], [0.566, 0.561, 0.561, 0.566, 0.566], [0.566, 0.561, 0.561, 0.564, 0.564], [0.566, 0.566, 0.566, 0.566, 0.566], [0.566, 0.566, 0.566, 0.564, 0.564]]

COP
[[0.744, 0.743, 0.743, 0.743, 0.743], [0.728, 0.728, 0.742, 0.742, 0.728], [0.722, 0.736, 0.736, 0.736, 0.722], [0.744, 0.729, 0.744, 0.714, 0.714]]

COP EAC
[[0.566, 0.562, 0.642, 0.652, 0.566], [0.566, 0.562, 0.642, 0.561, 0.566], [0.566, 0.562, 0.642, 0.652, 0.566], [0.566, 0.562, 0.642, 0.652, 0.566], [0.564, 0.562, 0.642, 0.652, 0.566], [0.566, 0.562, 0.642, 0.652, 0.566], [0.904, 0.562, 0.642, 0.652, 0.566], [0.564, 0.562, 0.642, 0.652, 0.566], [0.566, 0.562, 0.568, 0.652, 0.566], [0.566, 0.562, 0.642, 0.652, 0.566]]

