ILP-Km25
[[0.554, 0.588, 0.583, 0.575, 0.57], [0.554, 0.588, 0.583, 0.575, 0.57], [0.554, 0.588, 0.583, 0.575, 0.57], [0.554, 0.588, 0.583, 0.575, 0.57], [0.554, 0.588, 0.583, 0.575, 0.57], [0.554, 0.588, 0.583, 0.575, 0.57], [0.694, 0.672, 0.706, 0.731, 0.718], [0.554, 0.588, 0.583, 0.575, 0.57], [0.554, 0.588, 0.583, 0.575, 0.57], [0.554, 0.588, 0.583, 0.575, 0.57]]

ILP-COP25
[[0.554, 0.575, 0.657, 0.67, 0.538], [0.548, 0.575, 0.657, 0.55, 0.538], [0.548, 0.575, 0.657, 0.67, 0.538], [0.554, 0.575, 0.657, 0.67, 0.538], [0.546, 0.575, 0.657, 0.67, 0.538], [0.548, 0.575, 0.657, 0.67, 0.538], [0.744, 0.575, 0.657, 0.67, 0.538], [0.546, 0.575, 0.657, 0.67, 0.538], [0.548, 0.575, 0.599, 0.67, 0.538], [0.554, 0.575, 0.657, 0.67, 0.538]]

ILP-Km10
[[0.572, 0.566, 0.57, 0.58, 0.568], [0.572, 0.566, 0.57, 0.58, 0.568], [0.572, 0.566, 0.57, 0.58, 0.568], [0.572, 0.566, 0.57, 0.58, 0.568], [0.572, 0.566, 0.57, 0.58, 0.568], [0.572, 0.566, 0.57, 0.58, 0.568], [0.772, 0.787, 0.803, 0.818, 0.802], [0.572, 0.566, 0.57, 0.58, 0.568], [0.572, 0.566, 0.57, 0.58, 0.568], [0.572, 0.566, 0.57, 0.58, 0.568]]

ILP-COP10
[[0.572, 0.547, 0.615, 0.684, 0.523], [0.55, 0.547, 0.615, 0.599, 0.523], [0.55, 0.547, 0.615, 0.684, 0.523], [0.572, 0.547, 0.615, 0.684, 0.523], [0.538, 0.547, 0.615, 0.684, 0.523], [0.55, 0.547, 0.615, 0.684, 0.523], [0.646, 0.547, 0.615, 0.684, 0.523], [0.538, 0.547, 0.615, 0.684, 0.523], [0.55, 0.547, 0.606, 0.684, 0.523], [0.572, 0.547, 0.615, 0.684, 0.523]]

ILP-Km5
[[0.572, 0.566, 0.57, 0.599, 0.568], [0.572, 0.566, 0.57, 0.599, 0.568], [0.572, 0.566, 0.57, 0.599, 0.568], [0.572, 0.566, 0.57, 0.599, 0.568], [0.572, 0.566, 0.57, 0.599, 0.568], [0.572, 0.566, 0.57, 0.599, 0.568], [0.819, 0.803, 0.803, 0.818, 0.818], [0.572, 0.566, 0.57, 0.599, 0.568], [0.572, 0.566, 0.57, 0.599, 0.568], [0.572, 0.566, 0.57, 0.599, 0.568]]

ILP-COP5
[[0.572, 0.549, 0.803, 0.818, 0.645], [0.542, 0.549, 0.803, 0.638, 0.645], [0.542, 0.549, 0.803, 0.818, 0.645], [0.572, 0.549, 0.803, 0.818, 0.645], [0.576, 0.549, 0.803, 0.818, 0.645], [0.542, 0.549, 0.803, 0.818, 0.645], [0.629, 0.549, 0.803, 0.818, 0.645], [0.576, 0.549, 0.803, 0.818, 0.645], [0.542, 0.549, 0.627, 0.818, 0.645], [0.572, 0.549, 0.803, 0.818, 0.645]]

