Kmeans
[88.0, 88.0, 88.0, 88.0, 88.0, 88.0, 88.0, 88.0, 88.0, 88.0]

EAC
[81.6, 81.6, 81.6, 81.6, 81.6, 81.6, 86.4, 81.6, 81.6, 81.6]

Constr EAC
[[90.0, 82.0, 78.0, 80.0, 82.0], [90.0, 82.0, 78.0, 80.0, 84.0], [90.0, 82.0, 78.0, 80.0, 84.0], [90.0, 80.0, 76.0, 78.0, 84.0], [90.0, 82.0, 78.0, 80.0, 82.0], [90.0, 82.0, 80.0, 78.0, 82.0], [90.0, 82.0, 78.0, 80.0, 82.0], [90.0, 82.0, 78.0, 80.0, 84.0], [90.0, 82.0, 78.0, 80.0, 82.0], [90.0, 82.0, 78.0, 80.0, 84.0]]

COP EAC
[[90.0, 82.0, 90.0, 94.0, 84.0], [90.0, 82.0, 90.0, 84.0, 84.0], [90.0, 82.0, 90.0, 94.0, 84.0], [90.0, 82.0, 90.0, 94.0, 84.0], [90.0, 82.0, 90.0, 94.0, 84.0], [90.0, 82.0, 90.0, 94.0, 84.0], [96.0, 82.0, 90.0, 94.0, 84.0], [90.0, 82.0, 90.0, 94.0, 84.0], [90.0, 82.0, 86.0, 94.0, 84.0], [90.0, 82.0, 90.0, 94.0, 84.0]]

