ILP-Km25
[[100.0, 100.0, 100.0, 100.0, 100.0], [100.0, 100.0, 100.0, 100.0, 100.0], [100.0, 100.0, 100.0, 100.0, 100.0], [100.0, 100.0, 100.0, 100.0, 100.0], [100.0, 100.0, 100.0, 100.0, 100.0], [100.0, 100.0, 100.0, 100.0, 100.0], [100.0, 100.0, 100.0, 100.0, 100.0], [100.0, 100.0, 100.0, 100.0, 100.0], [100.0, 100.0, 100.0, 100.0, 100.0], [100.0, 100.0, 100.0, 100.0, 100.0]]

ILP-COP25
[[100.0, 100.0, 100.0, 100.0, 100.0], [100.0, 100.0, 100.0, 100.0, 100.0], [100.0, 100.0, 100.0, 100.0, 100.0], [100.0, 100.0, 100.0, 100.0, 100.0], [100.0, 100.0, 100.0, 100.0, 100.0], [100.0, 100.0, 100.0, 100.0, 100.0], [100.0, 100.0, 100.0, 100.0, 100.0], [100.0, 100.0, 100.0, 100.0, 100.0], [100.0, 100.0, 100.0, 100.0, 100.0], [100.0, 100.0, 100.0, 100.0, 100.0]]

ILP-Km10
[[100.0, 100.0, 100.0, 100.0, 100.0], [100.0, 100.0, 100.0, 100.0, 100.0], [100.0, 100.0, 100.0, 100.0, 100.0], [100.0, 100.0, 100.0, 100.0, 100.0], [100.0, 100.0, 100.0, 100.0, 100.0], [100.0, 100.0, 100.0, 100.0, 100.0], [100.0, 100.0, 100.0, 100.0, 100.0], [100.0, 100.0, 100.0, 100.0, 100.0], [100.0, 100.0, 100.0, 100.0, 100.0], [100.0, 100.0, 100.0, 100.0, 100.0]]

ILP-COP10
[[100.0, 100.0, 100.0, 100.0, 100.0], [100.0, 100.0, 100.0, 100.0, 100.0], [100.0, 100.0, 100.0, 100.0, 100.0], [100.0, 100.0, 100.0, 100.0, 100.0], [100.0, 100.0, 100.0, 100.0, 100.0], [100.0, 100.0, 100.0, 100.0, 100.0], [100.0, 100.0, 100.0, 100.0, 100.0], [100.0, 100.0, 100.0, 100.0, 100.0], [100.0, 100.0, 100.0, 100.0, 100.0], [100.0, 100.0, 100.0, 100.0, 100.0]]

ILP-Km5
[[100.0, 100.0, 100.0, 100.0, 100.0], [100.0, 100.0, 100.0, 100.0, 100.0], [100.0, 100.0, 100.0, 100.0, 100.0], [100.0, 100.0, 100.0, 100.0, 100.0], [100.0, 100.0, 100.0, 100.0, 100.0], [100.0, 100.0, 100.0, 100.0, 100.0], [100.0, 100.0, 100.0, 100.0, 100.0], [100.0, 100.0, 100.0, 100.0, 100.0], [100.0, 100.0, 100.0, 100.0, 100.0], [100.0, 100.0, 100.0, 100.0, 100.0]]

ILP-COP5
[[100.0, 100.0, 100.0, 100.0, 100.0], [100.0, 100.0, 100.0, 100.0, 100.0], [100.0, 100.0, 100.0, 100.0, 100.0], [100.0, 100.0, 100.0, 100.0, 100.0], [100.0, 100.0, 100.0, 100.0, 100.0], [100.0, 100.0, 100.0, 100.0, 100.0], [100.0, 100.0, 100.0, 100.0, 100.0], [100.0, 100.0, 100.0, 100.0, 100.0], [100.0, 100.0, 100.0, 100.0, 100.0], [100.0, 100.0, 100.0, 100.0, 100.0]]

