Kmeans
[64.8, 64.8, 64.8, 64.8, 64.8, 64.8, 64.8, 64.8, 64.8, 64.8]

EAC
[100.0, 100.0, 100.0, 100.0, 100.0, 100.0, 100.0, 100.0, 100.0, 100.0]

Constr EAC
[[100.0, 100.0, 100.0, 100.0, 100.0], [100.0, 100.0, 100.0, 100.0, 100.0], [100.0, 100.0, 100.0, 100.0, 100.0], [100.0, 100.0, 100.0, 100.0, 100.0], [100.0, 100.0, 100.0, 100.0, 100.0], [100.0, 100.0, 100.0, 100.0, 100.0], [100.0, 100.0, 100.0, 100.0, 100.0], [100.0, 100.0, 100.0, 100.0, 100.0], [100.0, 100.0, 100.0, 100.0, 100.0], [100.0, 100.0, 100.0, 100.0, 100.0]]

COP EAC
[[100.0, 100.0, 56.0, 78.0, 100.0], [100.0, 100.0, 56.0, 78.0, 100.0], [100.0, 100.0, 56.0, 78.0, 100.0], [100.0, 100.0, 72.0, 78.0, 100.0], [100.0, 100.0, 56.0, 56.0, 64.0], [100.0, 100.0, 56.0, 76.0, 64.0], [100.0, 100.0, 68.0, 56.0, 100.0], [100.0, 100.0, 56.0, 56.0, 100.0], [82.0, 100.0, 86.0, 56.0, 100.0], [100.0, 100.0, 56.0, 78.0, 100.0]]

