BP Km
[0.24, 0.224, 0.225, 0.233, 0.226, 0.241, 0.239, 0.236, 0.245, 0.234]

Kmeans
[0.256, 0.256, 0.256, 0.256, 0.256, 0.256, 0.256, 0.256, 0.256, 0.256]

EAC
[1.0, 1.0, 1.0, 1.0, 1.0, 1.0, 1.0, 1.0, 1.0, 1.0]

Constr EAC
[[1.0, 1.0, 1.0, 1.0, 1.0], [1.0, 1.0, 1.0, 1.0, 1.0], [1.0, 1.0, 1.0, 1.0, 1.0], [1.0, 1.0, 1.0, 1.0, 1.0], [1.0, 1.0, 1.0, 1.0, 1.0], [1.0, 1.0, 1.0, 1.0, 1.0], [1.0, 1.0, 1.0, 1.0, 1.0], [1.0, 1.0, 1.0, 1.0, 1.0], [1.0, 1.0, 1.0, 1.0, 1.0], [1.0, 1.0, 1.0, 1.0, 1.0]]

COP
[[0.208, 0.208, 0.208, 0.208, 0.208], [0.198, 0.198, 0.198, 0.198, 0.198]]

COP EAC
[[0.96, 0.96, 0.0, 0.278, 0.96], [0.96, 0.96, 0.0, 0.278, 0.96], [0.96, 0.96, 0.0, 0.278, 0.96], [0.96, 0.96, 0.106, 0.278, 0.96], [0.96, 0.96, 0.0, 0.0, 0.113], [0.96, 0.96, 0.0, 0.2, 0.113], [0.96, 0.96, 0.051, 0.0, 0.96], [0.96, 0.96, 0.0, 0.0, 0.96], [0.278, 0.96, 0.299, 0.0, 0.96], [0.96, 0.96, 0.0, 0.278, 0.96]]

