ILP-Km25
[[1.0, 1.0, 1.0, 1.0, 1.0], [1.0, 1.0, 1.0, 1.0, 1.0], [1.0, 1.0, 1.0, 1.0, 1.0], [1.0, 1.0, 1.0, 1.0, 1.0], [1.0, 1.0, 1.0, 1.0, 1.0], [1.0, 1.0, 1.0, 1.0, 1.0], [1.0, 1.0, 1.0, 1.0, 1.0], [1.0, 1.0, 1.0, 1.0, 1.0], [1.0, 1.0, 1.0, 1.0, 1.0], [1.0, 1.0, 1.0, 1.0, 1.0]]

ILP-COP25
[[0.921, 0.96, 0.003, 0.46, 0.902], [0.921, 0.96, 0.003, 0.46, 0.902], [0.921, 0.96, 0.003, 0.46, 0.902], [0.921, 0.96, 0.134, 0.46, 0.902], [0.921, 0.96, 0.003, -0.001, 0.081], [0.921, 0.96, 0.003, 0.157, 0.081], [0.921, 0.96, 0.07, -0.001, 0.902], [0.921, 0.96, 0.003, -0.001, 0.902], [0.42, 0.96, 0.19, -0.001, 0.902], [0.921, 0.96, 0.003, 0.46, 0.902]]

ILP-Km10
[[1.0, 1.0, 1.0, 1.0, 1.0], [1.0, 1.0, 1.0, 1.0, 1.0], [1.0, 1.0, 1.0, 1.0, 1.0], [1.0, 1.0, 1.0, 1.0, 1.0], [1.0, 1.0, 1.0, 1.0, 1.0], [1.0, 1.0, 1.0, 1.0, 1.0], [1.0, 1.0, 1.0, 1.0, 1.0], [1.0, 1.0, 1.0, 1.0, 1.0], [1.0, 1.0, 1.0, 1.0, 1.0], [1.0, 1.0, 1.0, 1.0, 1.0]]

ILP-COP10
[[0.921, 0.864, 0.015, 0.638, 0.864], [0.921, 0.864, 0.015, 0.638, 0.864], [0.921, 0.864, 0.015, 0.638, 0.864], [0.921, 0.864, 0.113, 0.638, 0.864], [0.921, 0.864, 0.015, 0.012, 0.1], [0.921, 0.864, 0.015, 0.059, 0.1], [0.921, 0.864, 0.076, 0.012, 0.864], [0.921, 0.864, 0.015, 0.012, 0.864], [0.311, 0.864, 0.004, 0.012, 0.864], [0.921, 0.864, 0.015, 0.638, 0.864]]

ILP-Km5
[[0.921, 0.921, 0.921, 0.941, 0.96], [0.921, 0.921, 0.921, 0.941, 0.96], [0.921, 0.921, 0.921, 0.941, 0.96], [0.921, 0.921, 0.921, 0.941, 0.96], [0.921, 0.921, 0.921, 0.941, 0.96], [0.921, 0.921, 0.921, 0.941, 0.96], [0.921, 0.921, 0.921, 0.941, 0.96], [0.921, 0.921, 0.921, 0.941, 0.96], [0.921, 0.921, 0.921, 0.941, 0.96], [0.921, 0.921, 0.921, 0.941, 0.96]]

ILP-COP5
[[0.738, 0.575, 0.082, 0.278, 0.721], [0.738, 0.575, 0.082, 0.278, 0.721], [0.738, 0.575, 0.082, 0.278, 0.721], [0.738, 0.575, 0.02, 0.278, 0.721], [0.738, 0.575, 0.082, 0.004, 0.023], [0.738, 0.575, 0.082, 0.0, 0.023], [0.738, 0.575, 0.046, 0.004, 0.721], [0.738, 0.575, 0.082, 0.004, 0.721], [0.157, 0.575, 0.086, 0.004, 0.721], [0.738, 0.575, 0.082, 0.278, 0.721]]

