ARI: 0.6702001534351326
minSplit: 0
Partition: 
[10 10 10 10 10 10 10  2  2  2  2  2 10 10 10 10 10 10 10 10 10 10 10 10
 10 10 10  2  2  2  2  2  2  2  2 10  2 10 10 10 10 10 10 10 10 10 10 10
 10 10 10 10 10 10  2  2  2  2  2  2  2  2  2  2  2  2  2  2 10 10 10 10
 10 10 10 10 10  2  2  2  2  2 10 10 10 10 10 10 10 10 10 10 10 10 10 10
 10 10 10 10 10 10  2  2 10 10 10 10 11 11 11 11 11 11 11 11 11 11 11 11
 11 11 11 11 11 11 11 11 11 11 11 11  6  6  6  6  6  7  7  6  6  6  6  6
  6  6  6  6  6  7  7  6  6  6  6  6  6  6  6 12 12 12 12 12 12 12 12 12
 12 12 12 12 12 12 12 12 12 12 12 12 12 12 12 12 12 12 12 12 12 12 12 12
 12 12 12 12 12 12 12 12 12 12 12 12 12 12 12 12 12 12 12 12 12 12 12 12
 12 12 12 12 12 12 12 12 12 12 12 12 12 12 12 12  4  4  4  4  4  4  4  4
  4  4  4  4  4  4  4  4  4  4  4  4  4  4  4  4  4  4  4  4  4  4  9  4
  3  3  3  3  3  3  3  3  1  1  1  1  1  1  1  1  4  3  3  3  3  3  3  3
  3  3  3  3  3  3  1  1  1  1  1  1  1  1  1  1  1  1  3  1  1  3  3  3
  3  1  1  1  1  1  1  1  1  1  1  1  1  1  1  1  1  1  1  1  1  1  1  1
  1  1  1  1  1  1  1  1  1  1  0  0  0  0  0  0  0  0  0  0  0  0  0  0
  0  0  0  0  0  0  0  0  0  0  0  0  0  0  0  0  0  0  0  0  0  0  0  0
  0  0  0  0  0  0  0  0  0  0  0  0  0  0  0  0  0  0  0  0  0  0  0  0
  0  0  0  0  0  0  0  0  0  0  0  0  0  0  0  0  0  0  0  0  0  0  0  0
  0  0  0  0  0  0  5  5  5  5  5  5  5  5  5  5  5  5  5  5  5  5  5  5
  5  5  5  5  5  5  5  5  5  5  5  5  5  5  8  8  8  5  5  5  8  8  8  8
  8  5  5  5  8  8  8  8  8  8  8  8  8  5  8  5  5  8  8  8  8  8  8  8
  8  8  8  8  8  8  8  8  8  8  8  8  8  8  5  8  8  8  8  8  8  5  5  8
  8  8  8  8  8  8  8  8  8  8  8  8  8  8  8  8  8  8  8  8  8  8  8  8
  8  8  8  8  8  8  8  8  8  8  8  8  8  8  8  8  8  8  8  8  8  8  8  8
  8  8  8  8  8  8  8  8  8  8  8  8]