ARI: 0.6844657613937153
minSplit: 0
Partition: 
[ 3  3  3  3  3  3  3 10 10  3  3  3  3  3  3  3  3  3  3  3  3  3  3  3
  3  3  3 10 10 10  3  3  3  3  3  3  3  3  3  3  3  3  3  3  3  3  3  3
  3  3  3  3  3  3 10 10 10 10 10  3  3  3  3  3  3  3  3  3  3  3  3  3
  3  3  3  3  3  3 10 10 10 10  3  3  3  3  3  3  3  3  3  3  3  3  3  3
  3  3  3  3  3  3  3  3  3  3  3  3 12 12 12 12 12 12 12 12 12 12 12 12
 12 12 12 12 12 12 12 12 12 12 12 12  7  7  7  7  7 11 11  7  7  7  7  7
  7  7  7  7  7 11 11  7  7  7  7  7  7  7  7  6  6  6  6  6  6  6  6  6
  6  6  6  6  6  6  6  6  6  6  6  6  6  6  6  6  6  6  6  6  6  6  6  6
  6  6  6  6  6  6  6  6  6  6  6  6  6  6  6  6  6  6  6  6  6  6  6  6
  6  6  6  6  6  6  6  6  6  6  6  6  6  6  6  6  1  1  1  1  1  1  1  1
  1  1  1  1  1  1  1  1  1  1  1  1  1  1  1  1  1  1  1  1  1  1  1  1
  9  9  9  9  9  9  9  9  8  8  8  8  8  8  8  8  1  9  9  9  9  9  9  9
  9  9  9  9  9  9  8  8  8  8  8  8  8  8  8  8  8  8  9  8  8  9  9  9
  9  9  9  9  9  8  8  8  8  9  9  9  9  8  8  8  8  9  9  9  9  9  8  8
  8  8  8  8  8  8  8  9  8  9  0  0  0  0  0  0  0  0  0  0  0  0  0  0
  5  0  0  0  0  0  0  0  0  0  0  0  0  0  0  0  0  0  0  0  0  0  0  0
  0  0  5  5  5  5  5  5  5  5  5  5  5  5  5  5  5  5  5  5  5  5  5  5
  5  5  5  5  5  5  0  0  0  0  0  0  0  0  0  0  0  0  0  0  0  0  0  0
  0  0  0  0  0  0  4  4  4  4  4  4  4  4  4  4  4  4  4  4  4  4  4  4
  4  4  4  4  4  4  4  4  4  4  4  4  4  4  2  2  2  4  4  4  4  4  4  4
  4  4  4  4  2  2  2  2  2  2  2  2  4  4  4  4  4  4  4  4  4  4  4  4
  4  4  4  4  4  4  4  4  4  4  4  4  4  4  4  2  2  2  2  2  2  4  4  4
  4  4  4  4  4  2  2  2  2  2  2  2  2  4  4  4  4  4  4  4  4  4  4  4
  4  4  4  4  4  4  4  4  4  4  4  4  4  4  4  4  4  4  4  4  4  4  4  4
  4  4  4  4  4  4  4  4  4  4  4  4]