ARI: 0.5821439083247136
minSplit: 0
Partition: 
[ 6  6  6  6  6  6  6 12 12 12 12 12  8  8  8  8  8  8  6  6  6  6  6  6
  6  6  6 12 12 12 12 12 12 12 12  8 12  8  8  8  8  8  8  6  6  6  6  6
  6  6  6  6  6  6 12 12 12 12 12 12 12 12 12 12 12 12 12 12  8  8  8  8
  8  8  8  8  8 12 12 12 12 12  6  6  8  8  8  6  6  6  6  6  6  6  6  6
  6  6  8  8  8  8 12 12  8  8  8  8 11 11 11 11 11 11 11 11 11 11 11 11
 11 11 11 11 11 11 11 11 11 11 11 11 10 10 10 10 10  4  4 10 10 10 10 10
 10 10 10 10 10  4  4 10 10 10 10 10 10 10 10  7  7  7  7  7  7  7  7  7
  7  7  7  7  7  7  7  7  7  7  7  7  7  7  7  7  7  7  7  7  7  7  7  7
  7  7  7  7  7  7  7  7  7  7  7  7  7  7  7  7  7  7  7  7  7  7  7  7
  7  7  7  7  7  7  7  7  7  7  7  7  7  7  7  7  0  0  0  0  0  0  0  0
  0  0  0  0  0  0  0  0  0  0  0  0  0  0  0  0  0  0  0  0  0  0  9  0
  3  3  3  3  3  3  3  3  3  3  3  3  3  3  3  3  0  3  3  3  3  3  3  3
  3  3  3  3  3  3  3  3  3  3  3  3  3  3  3  3  3  3  3  3  3  3  3  3
  3  3  3  3  3  3  3  3  3  3  3  3  3  3  3  3  3  3  3  3  3  3  3  3
  3  3  3  3  3  3  3  3  3  3  1  1  1  1  1  1  1  1  1  1  1  1  1  1
  1  1  1  1  1  1  1  1  1  1  1  1  1  1  1  1  1  1  1  1  1  1  1  1
  1  1  1  1  1  1  1  1  1  1  1  1  1  1  1  1  1  1  1  1  1  1  1  1
  1  1  1  1  1  1  1  1  1  1  1  1  1  1  1  1  1  1  1  1  1  1  1  1
  1  1  1  1  1  1  5  5  5  5  5  5  2  2  2  5  5  5  5  5  2  2  2  5
  5  5  2  2  2  2  5  5  2  2  5  5  2  2  5  5  5  5  2  2  5  5  5  5
  5  2  2  5  5  5  5  5  5  5  5  5  5  5  5  2  5  5  5  5  5  5  5  5
  5  5  5  5  5  5  5  5  5  5  5  5  5  5  5  5  5  5  5  5  5  2  2  5
  5  5  5  5  5  5  5  5  5  5  5  5  5  5  5  5  5  5  5  5  5  5  5  5
  5  5  5  5  5  5  5  5  5  5  5  5  5  5  5  5  5  5  5  5  5  5  5  5
  5  5  5  5  5  5  5  5  5  5  5  5]