ARI: 0.746773475034804
minSplit: 0
Partition: 
[ 9  9  9  9  9  9  9  9  9  9  9  9  9  9  9  9  9  9  9  9  9  9  9  9
  9  9  9  9  9  9  9  9  9  9  9  9  9  9  9  9  9  9  9  9  9  9  9  9
  9  9  9  9  9  9  9  9  9  9  9  9  9  9  9  9  9  9  9  9  9  9  9  9
  9  9  9  9  9  9  9  9  9  9  9  9  9  9  9  9  9  9  9  9  9  9  9  9
  9  9  9  9  9  9  9  9  9  9  9  9 12 12 12 12 12 12 12 12 12 12 12 12
 12 12 12 12 12 12 12 12 12 12 12 12 11 11 11 11 11  8  8 11 11 11 11 11
 11 11 11 11 11  8  8 11 11 11 11 11 11 11 11  6  6  6  6  6  6  6  6  6
  6  6  6  6  6  6  6  6  6  6  6  6  6  6  6  6  6  6  6  6  6  6  6  6
  6  6  6  6  6  6  6  6  6  6  6  6  6  6  6  6  6  6  6  6  6  6  6  6
  6  6  6  6  6  6  6  6  6  6  6  6  6  6  6  6  4  4  4  4  4  4  4  4
  4  4  4  4  4  4  4  4  4  4  4  4  4  4  4  4  4  4  4  4  4  4 10  4
  0  0  0  0  0  0  0  0  0  0  0  0  0  0  0  0  4  0  0  0  0  0  0  0
  0  0  0  0  0  0  0  0  0  0  0  0  0  0  0  0  0  0  0  0  0  0  0  0
  0  0  0  0  0  0  0  0  0  0  0  0  0  0  0  0  0  0  0  0  0  0  0  0
  0  0  0  0  0  0  0  0  0  0  3  3  3  3  3  3  3  3  3  3  3  3  3  3
  3  3  3  3  3  3  3  3  3  3  3  3  3  3  3  3  3  3  3  3  3  3  3  3
  3  3  3  3  3  3  3  3  3  3  3  3  3  3  3  3  3  3  3  3  3  3  3  3
  3  3  3  3  3  3  3  3  3  3  3  3  3  3  3  3  3  3  3  3  3  3  3  3
  3  3  3  3  3  3  2  2  2  2  2  2  5  5  5  2  2  2  2  2  5  5  5  2
  2  2  5  5  5  5  2  2  5  5  2  2  5  5  7  1  1  2  5  5  1  1  1  1
  1  5  5  2  1  1  1  7  1  1  1  1  2  2  2  5  2  2  2  2  2  1  2  2
  1  1  1  1  1  1  1  1  1  1  1  1  2  2  2  1  1  1  1  1  1  5  5  1
  1  1  1  1  1  7  1  7  1  1  1  1  1  1  2  2  2  2  1  1  2  2  2  1
  2  2  2  2  2  2  2  2  2  2  1  2  2  2  2  2  2  1  1  1  2  2  2  2
  2  1  2  2  2  2  2  2  2  2  2  2]