ARI: 0.6775871655844796
minSplit: 0
Partition: 
[10 10 10 10 10 10 10  4  4  4  4  4  4  4 10 10 10 10 10 10 10 10 10 10
 10 10 10  4  4  4  4  4  4  4  4  4  4  4 10 10 10 10 10 10 10 10 10 10
 10 10 10 10 10 10  4  4  4  4  4  4  4  4  4  4  4  4  4  4  4  4  4 10
 10 10 10 10 10  4  4  4  4  4 10 10  4  4 10 10 10 10 10 10 10 10 10 10
 10 10  4  4 10  4  4  4 10 10 10 10 11 11 11 11 11 11 11 11 11 11 11 11
 11 11 11 11 11 11 11 11 11 11 11 11  2  2  2  2  2  2  2  2  2  2  2  2
  2  2  2  2  2  2  2  2  2  2  2  2  2  2  2  6  6  6  6  6  6  6  6  6
  6  6  6  6  6  6  6  6  6  6  6  6  6  6  6  6  6  6  6  6  6  6  6  6
  6  6  6  6  6  6  6  6  6  6  6  6  6  6  6  6  6  6  6  6  6  6  6  6
  6  6  6  6  6  6  6  6  6  6  6  6  6  6  6  6  7  7  7  7  7  7  7  7
  7  7  7  7  7  7  7  7  7  7  7  7  7  7  7  7  7  7  7  7  7  7  8  7
  8  8  8  8  8  8  8  8  3  3  3  3  3  3  3  3  7  8  8  8  8  8  8  8
  8  8  8  8  8  8  3  3  3  3  3  3  3  3  3  3  3  3  8  3  3  8  8  8
  8  3  3  3  3  3  3  3  3  3  3  3  3  3  3  3  3  3  3  3  3  3  3  3
  3  3  3  3  3  3  3  3  3  3  1  1  1  1  1  1  1  1  1  1  1  1  1  1
  1  1  1  1  1  1  1  1  1  1  1  1  1  1  1  1  1  1  1  1  1  1  1  1
  1  1  9  9  9  9  9  9  9  9  9  9  9  9  9  9  9  9  9  9  9  9  9  9
  9  9  9  9  9  9  1  1  1  1  1  1  1  1  1  1  1  1  1  1  1  1  1  1
  1  1  1  1  1  1  0  0  0  0  0  0 12 12 12  0  0  0  0  0 12 12 12  0
  0  0 12 12 12 12  0  0 12 12  0  0 12 12  0  0  0  0 12 12  5  5  5  5
  5 12 12  0  0  0  0  0  0  0  0  0  5  0  5 12  0  5  5  5  5  5  5  5
  5  5  5  5  5  5  5  5  5  5  5  5  5  5  0  0  0  0  0  0  0 12 12  5
  5  5  5  5  5  0  0  0  0  0  0  0  0  0  5  5  5  5  5  5  5  5  5  0
  5  5  5  5  5  5  5  5  5  5  5  5  5  5  5  5  5  5  5  5  5  5  5  5
  5  0  5  5  5  5  5  5  5  5  5  5]