ARI: 0.6676079648024031
minSplit: 0
Partition: 
[ 1  1  1  1  1  1  1  1  1  4  4  4  4  4  4  4  4  4  1  1  1  1  1  1
  1  1  1  1  1  1  4  4  4  4  4  4  4  4  4  4  4  4  4  1  1  1  1  1
  1  1  1  1  1  1  1  1  1  1  1  4  4  4  4  4  4  4  4  4  4  4  4  4
  4  4  4  4  4  4  1  1  1  1  1  1  4  4  4  1  1  1  1  1  1  1  1  1
  1  1  4  4  4  4  4  4  4  4  4  4 11 11 11 11 11 11 11 11 11 11 11 11
 11 11 11 11 11 11 11 11 11 11 11 11  2  2  2  2  2  2  2  2  2  2  2  2
  2  2  2  2  2  2  2  2  2  2  2  2  2  2  2  6  6  6  6  6  6  6  6  6
  6  6  6  6  6  6  6  6  6  6  6  6  6  6  6  6  6  6  6  6  6  6  6  6
  6  6  6  6  6  6  6  6  6  6  6  6  6  6  6  6  6  6  6  6  6  6  6  6
  6  6  6  6  6  6  6  6  6  6  6  6  6  6  6  6 10 10 10 10 10 10 10 10
 10 10 10 10 10 10 10 10 10 10 10 10 10 10 10 10 10 10 10 10 10 10  7 10
  8  8  8  8  8  8  8  8  8  8  8  8  8  8  8  8  9  8  8  8  8  8  8  8
  8  8  8  8  8  8  8  8  8  8  8  8  8  8  8  8  8  8  8  8  8  8  8  8
  8  8  8  8  8  8  8  8  8  8  8  8  8  8  8  8  8  8  8  8  8  8  8  8
  8  8  8  8  8  8  8  8  8  8  0  0  0  0  0  0  0  0  0  0  0  0  0  0
  0  0  0  0  0  0  0  0  0  0  0  0  0  0  0  0  0  0  0  0  0  0  0  0
  0  0  0  0  0  0  0  0  0  0  0  0  0  0  0  0  0  0  0  0  0  0  0  0
  0  0  0  0  0  0  0  0  0  0  0  0  0  0  0  0  0  0  0  0  0  0  0  0
  0  0  0  0  0  0 12 12 12 12 12 12  3  3  3  3 12 12 12 12  3  3  3  3
 12 12  3  3  3  3  3 12  3  3 12 12  3  3  3  3  3 12  3  3  3  3  3  3
  3  3  3 12  3  3  3  3  3  3  3  3  5 12 12  3 12 12  5  5  3  3  3  5
  3  3  3  3  3  3  3  3  3  3  3  3  3  3 12  3  3  3  3  3  3  3  3  3
  3  3  3  3  3  3  3  3  3  3  3  3  3  3  5  5  5  5  3  3  5  5  5  3
  5  5  5  5  5  5  5  5  5  5  3  5  5  5  5  5  5  3  3  3  5  5  5  5
  5  3  5  5  5  5  5  5  5  5  5  5]