[24 24 24 ... 30  5  5]
[ 7  7  7 ... 16 16 16]
[16 16 16 ... 24 24 24]
[22 22 22 ...  0  0  0]
[17 17 17 ...  8  8  8]
[ 8  8  8 ... 49 49 49]
[17 17 17 ... 28 28 28]
[13 13 13 ... 31 31 31]
[10 10 10 ...  3  3  3]
[11 11 11 ... 26 26 26]
[17 17 17 ...  0  0  0]
[13 13 13 ... 33 33 33]
[ 9  9  9 ... 34 34 34]
[1 1 1 ... 7 7 7]
[25 25 25 ...  2  2  2]
[8 8 8 ... 3 3 3]
[29 29 29 ... 27 27 27]
[33 33 33 ... 46 46 46]
[3 3 3 ... 3 3 3]
[10 10 10 ... 20 20 20]
[5 5 5 ... 0 0 0]
[36 36 36 ... 40 40 40]
[1 1 1 ... 1 1 1]
[ 3  3  3 ... 28 28 28]
[21 21 21 ... 37 37 37]
[6 6 6 ... 1 1 1]
[18 18 18 ...  5  5  5]
[11 11 11 ... 12 12 12]
[ 7  7  7 ... 16 16 16]
[ 1  1  1 ... 22 22 22]
[11 11 11 ...  1  1  1]
[1 1 1 ... 1 1 1]
[9 9 9 ... 8 8 8]
[3 3 3 ... 9 9 9]
[3 3 3 ... 3 3 3]
[12 12 12 ... 17 17 17]
[ 5  5  5 ... 29 29 29]
[26 26 26 ... 15 15 15]
[33 33 33 ... 15 15 15]
[20 20 20 ... 25 25 25]
[ 8  8  8 ... 16 16 16]
[3 3 3 ... 3 3 3]
[26 26 26 ... 28 28 28]
[ 5  5  5 ... 18 18 18]
[29 29 29 ... 11 18 18]
[14 14 14 ...  8  8  8]
[12 12 12 ... 30 30 30]
[15 15 15 ...  6  6  6]
[17 17 17 ... 12 12 12]
[8 8 8 ... 1 1 1]
