[2 2 2 ... 8 8 8]
[1 1 1 ... 1 1 1]
[ 3  3  3 ... 33 33 33]
[ 9  9  9 ... 10 10 10]
[10 10 10 ...  6  6  6]
[25 25 25 ...  8  8  8]
[ 4  4  4 ... 17 17 17]
[14 14 14 ...  2  2  2]
[1 4 1 ... 1 1 1]
[ 2  2  2 ... 10 10 10]
[11 11 11 ...  3  3  3]
[5 5 5 ... 0 0 0]
[0 0 0 ... 6 6 6]
[36 36 36 ...  8  8  8]
[16 16 16 ...  0  0  0]
[24 24 24 ...  7  7  7]
[12 12 12 ...  0  0  0]
[0 0 0 ... 0 0 0]
[5 3 5 ... 5 5 5]
[ 4  4  4 ... 12 12 12]
[ 0  0  0 ... 30 30 30]
[10 10 10 ... 12 12 12]
[25 25 25 ... 45 45 45]
[ 7 10  7 ... 22 22 22]
[ 9  9  9 ... 25 25 25]
[12 12 12 ... 22 22 22]
[5 5 5 ... 0 0 0]
[ 1  1  1 ... 21 21 21]
[ 3  3  3 ... 19 19 19]
[ 5  5  5 ... 14 14 14]
[15 15 15 ...  7  7  7]
[27 27 27 ... 34 34 34]
[19 19 19 ...  2  2  2]
[9 9 9 ... 5 5 5]
[0 0 0 ... 7 7 7]
[ 2  2  2 ... 25 29 29]
[22 39 22 ...  2  2  2]
[9 9 9 ... 3 3 3]
[22 22 22 ...  8  8  8]
[22 22 22 ...  7  7  7]
[19 19 19 ... 29 29 29]
[32 32 32 ... 23 23 23]
[1 1 1 ... 1 1 1]
[12 12 12 ...  8  8  8]
[1 1 1 ... 1 1 1]
[26 26 26 ... 10 10 10]
[9 9 9 ... 4 4 4]
[4 4 4 ... 1 1 1]
[8 8 8 ... 6 6 6]
[29 29 29 ...  5  5  5]
