[1 1 1 ... 9 9 9]
[ 2  2  3 ... 12 12 12]
[ 6  6  6 ... 12 27 27]
[5 5 5 ... 3 3 3]
[6 6 6 ... 7 7 7]
[ 4  4  4 ... 16 16 16]
[4 4 4 ... 0 0 0]
[12 12 12 ... 11 11 11]
[1 1 1 ... 1 1 1]
[0 0 0 ... 0 0 0]
[20 20 20 ...  3  3  3]
[ 0  0  0 ... 33 33 33]
[0 0 0 ... 0 0 0]
[17 17 17 ...  8  8  8]
[8 8 8 ... 9 9 9]
[8 8 8 ... 7 7 7]
[ 9  9  9 ... 30 30 30]
[41 41 41 ... 15 15 15]
[20 20 20 ... 23 23 23]
[3 3 3 ... 3 3 3]
[21 21 21 ... 32 32 32]
[ 8  8  8 ... 21  0  0]
[7 7 7 ... 9 9 9]
[17 17 17 ... 21 23 23]
[27 27 27 ...  2  2  2]
[0 0 0 ... 1 1 1]
[ 1  1  1 ... 24 24 24]
[3 3 3 ... 8 8 8]
[16 16 16 ... 12 31 31]
[14 14 14 ... 10 10 10]
[2 2 2 ... 2 2 2]
[31 31 31 ...  6  6  6]
[2 2 2 ... 2 2 2]
[ 4  4  4 ... 23 23 23]
[33 33 33 ...  4  4  4]
[4 4 4 ... 0 0 0]
[ 6  6  6 ... 12 12 12]
[13 13 13 ...  5  5  5]
[15 15 15 ...  9  9  9]
[10 10 10 ...  7  7  7]
[14 14 14 ... 13 13 13]
[2 2 2 ... 2 2 2]
[6 6 6 ... 4 4 4]
[5 2 5 ... 5 5 5]
[4 4 4 ... 5 5 5]
[15 15 15 ... 11 11 11]
[3 3 3 ... 3 3 3]
[10 10 10 ... 18 18 18]
[ 0  0  0 ... 14 14 14]
[17 17 17 ... 27 27 27]
