[12 12 12 ... 30 30 30]
[46 46 46 ... 27 27 27]
[49 49 49 ... 21 37 37]
[12 12 12 ... 37 37 37]
[13 13 13 ... 14 14 14]
[32 32 32 ... 41 41 41]
[0 0 0 ... 0 0 0]
[ 5  5  5 ... 16 16 16]
[0 0 0 ... 0 0 0]
[ 4  4  4 ... 21 21 21]
[12 12 12 ... 28 28 28]
[ 0  0  0 ... 10 10 10]
[7 7 7 ... 7 7 7]
[33 33 33 ... 10 10 10]
[35 35 35 ... 44 44 44]
[ 2  2  2 ... 38 38 38]
[2 2 2 ... 2 2 2]
[10 10  7 ...  7  7  7]
[19 19 19 ...  7  7  7]
[26 26 26 ...  8  8  8]
[29 29 29 ... 17 17 17]
[1 1 1 ... 1 1 1]
[25 25 25 ...  3  3  3]
[14 14 14 ...  2  2  2]
[17 17 17 ... 14 14 14]
[10 10 10 ... 11 11 11]
[24 24 24 ... 10 26 26]
[ 3  3  3 ... 11 11 11]
[23 23 23 ... 17 17 17]
[22 22 22 ... 25 25 25]
[9 9 9 ... 6 6 6]
[11 11 11 ... 20 20 20]
[10 10 10 ... 19 19 19]
[5 2 5 ... 5 5 5]
[ 9  9  9 ... 11 11 11]
[39 39 39 ... 45 45 45]
[1 1 1 ... 1 1 1]
[3 3 3 ... 3 3 3]
[1 1 1 ... 1 1 1]
[9 9 9 ... 7 7 7]
[0 0 0 ... 0 0 0]
[6 6 6 ... 0 0 0]
[12 12 12 ...  3  7  7]
[ 5  5  5 ... 40 40 40]
[0 0 0 ... 3 3 3]
[0 0 0 ... 9 9 9]
[10 10 10 ... 11 11 11]
[ 2  2  2 ... 12  8  8]
[3 3 3 ... 3 3 3]
[ 3  3  3 ... 20 20 20]
