[ 8  8  8 ... 10 10 10]
[19 19 19 ... 20 20 20]
[6 9 6 ... 6 6 6]
[5 5 5 ... 3 3 3]
[21 21 21 ...  1  1  1]
[36 36 36 ... 33 33 33]
[0 0 0 ... 2 2 2]
[10 10 10 ... 32 32 32]
[18 18 18 ... 15 15 15]
[ 5  5  5 ... 39 39 39]
[3 3 3 ... 6 6 6]
[1 1 1 ... 1 1 1]
[29 29 29 ...  3  3  3]
[11 11 11 ... 30 30 30]
[13 13 13 ...  9  9  9]
[14 14 14 ... 11 11 11]
[22 22 22 ...  4  4  4]
[22 22 22 ...  8  8  8]
[47 47 47 ... 33 33 33]
[36 36 36 ... 11 11 11]
[ 7  7  7 ... 10 10 10]
[17 17 17 ... 34 34 34]
[4 4 4 ... 4 4 4]
[3 3 3 ... 3 3 3]
[31 31 31 ... 24 24 24]
[12 12 12 ... 25 25 25]
[ 3  3  3 ... 21 21 21]
[25 25 25 ... 35 35 35]
[ 8  8  8 ... 19 19 19]
[10  6 10 ... 10 10 10]
[15 15 15 ...  4  4  4]
[24 24 24 ... 10 10 10]
[1 1 1 ... 1 1 1]
[32 32 32 ... 34 34 34]
[ 8  8  8 ... 20 20 20]
[20 20 20 ... 23 33 33]
[4 4 4 ... 4 4 4]
[ 7  7  7 ... 13 13 13]
[7 7 7 ... 7 7 7]
[25 25 25 ... 16 16 16]
[13 13 13 ... 28 28 28]
[13 13 13 ... 29 29 29]
[6 6 6 ... 3 3 3]
[4 4 4 ... 4 4 4]
[45 45 45 ... 22 22 22]
[30 30 30 ... 38 38 38]
[ 4  4  4 ... 14 14 14]
[ 3  3  3 ... 10 10 10]
[2 2 2 ... 7 7 7]
[11 11 11 ... 23 23 23]
