[ 0  0  0 ... 16 16 16]
[ 7  7  7 ... 24 24 24]
[9 9 9 ... 3 3 3]
[0 0 0 ... 0 0 0]
[4 4 4 ... 4 4 4]
[2 2 2 ... 2 2 2]
[7 7 7 ... 9 9 9]
[14 14 14 ... 23 23 23]
[36 36 36 ...  9  9  9]
[14 14 14 ... 28 41 41]
[ 5  5  5 ... 37 37 37]
[39 39 39 ... 27 27 27]
[20 20 20 ... 29 29 29]
[17 17 17 ... 11 11 11]
[7 7 7 ... 3 3 3]
[ 1  1  1 ... 19 19 19]
[12 12 12 ...  5  5  5]
[ 7  7  7 ... 26 26 26]
[11 11 11 ... 23 23 23]
[12 12 12 ...  3  3  3]
[9 9 9 ... 7 7 7]
[ 6  6  6 ... 38 38 38]
[24 24 24 ... 30 30 30]
[1 1 1 ... 1 1 1]
[21 21 21 ... 25 25 25]
[ 5  5  5 ... 25 25 25]
[2 2 2 ... 6 6 6]
[0 0 0 ... 0 0 0]
[8 8 8 ... 6 6 6]
[9 9 9 ... 3 3 3]
[14 14 14 ... 10 10 10]
[12 12 12 ... 10 10 10]
[23 23 23 ... 34 34 34]
[ 0  0  0 ... 19 19 19]
[8 8 8 ... 3 3 3]
[14 14 14 ...  9  9  9]
[13 13 15 ...  1  1  1]
[22 22 22 ...  4  4  4]
[1 1 1 ... 0 0 0]
[ 8  8  8 ... 28 28 28]
[4 4 4 ... 4 4 4]
[19 19 19 ...  1  1  1]
[38 38 38 ... 18 18 18]
[42 42 42 ... 40 40 40]
[6 6 6 ... 5 5 5]
[ 0  0  0 ... 24 24 24]
[5 5 5 ... 3 3 3]
[22 22 22 ... 18 18 18]
[17 17 17 ... 13 13 13]
[28  4 28 ... 21 21 21]
