[3 3 3 ... 4 4 4]
[28 28 28 ...  4  4  4]
[2 2 2 ... 8 8 8]
[26 26 26 ... 11 11 11]
[0 0 0 ... 3 3 3]
[ 4  4  4 ...  2 28 28]
[16 16 16 ... 21 21 21]
[0 0 0 ... 5 5 5]
[20 20 20 ... 10 10 10]
[4 4 4 ... 4 4 4]
[10 10 10 ...  7  7  7]
[15 15 15 ... 25 25 25]
[ 3  3  3 ... 26 26 26]
[16 16 16 ... 13 13 13]
[18 18 18 ... 13 13 13]
[22 22 22 ... 40 40 40]
[15 15 15 ...  2  2  2]
[ 9  9  9 ... 15 15 15]
[41 41 41 ... 30 30 30]
[15 15 15 ... 14 14 14]
[2 2 2 ... 8 8 8]
[4 4 4 ... 4 4 4]
[ 8  8 10 ... 10 10 10]
[ 4  4  4 ... 11 11 11]
[22 22 22 ...  6  6  6]
[5 5 5 ... 5 5 5]
[17 17 17 ... 20 20 20]
[10 10 10 ... 20 20 20]
[18 18 18 ...  0  0  0]
[9 9 9 ... 1 1 1]
[ 3  3  3 ... 14 14 14]
[18 18 18 ...  0  0  0]
[14 14 14 ... 22 22 22]
[6 6 6 ... 4 4 4]
[9 8 9 ... 0 0 0]
[11 11 11 ...  2  2  2]
[13 13 13 ...  3 11 11]
[9 9 9 ... 5 5 5]
[18 18 18 ... 22 22 22]
[12 12 12 ...  9  9  9]
[39 39 39 ... 14 14 14]
[ 0  0  0 ... 14 14 14]
[21 21 21 ...  3  3  3]
[15 15 15 ... 33 33 33]
[20 20 20 ...  2  2  2]
[4 4 4 ... 7 7 7]
[ 8  8  8 ... 15 15 15]
[12 12 12 ...  7  7  7]
[0 0 0 ... 0 0 0]
[10 10 10 ...  2  2  2]
