[4 4 4 ... 7 7 7]
[4 4 4 ... 8 8 8]
[ 8  8  8 ... 17 17 17]
[21 21 21 ...  8  8  8]
[ 6  6  6 ... 19 19 19]
[14 14 14 ... 25 36 36]
[3 3 3 ... 3 3 3]
[3 3 3 ... 3 3 3]
[1 1 1 ... 1 1 1]
[8 1 8 ... 8 8 8]
[5 5 5 ... 5 5 5]
[3 3 3 ... 4 4 4]
[ 5  5  5 ... 11 11 11]
[24 24 24 ...  3  3  3]
[8 8 8 ... 3 3 3]
[ 2  2 12 ... 12 12 12]
[1 1 1 ... 0 0 0]
[3 3 3 ... 3 3 3]
[ 8  8  8 ... 10 10 10]
[49 49 49 ... 17 17 17]
[8 8 8 ... 6 6 6]
[0 0 0 ... 0 0 0]
[5 5 5 ... 7 7 7]
[ 7  7  7 ... 17 17 17]
[31 31 31 ... 30 30 30]
[10 10 10 ... 14 14 14]
[ 1  1  1 ... 42 42 42]
[ 5  5  5 ... 25 25 25]
[21 21 21 ... 20 20 20]
[12 12 12 ...  7  7  7]
[0 0 0 ... 0 0 0]
[1 1 1 ... 1 1 1]
[1 1 1 ... 6 6 6]
[ 6  6  6 ... 23 23 23]
[12 12 12 ...  8  8  8]
[4 4 4 ... 5 5 5]
[18 15 18 ...  6  6  6]
[11 11 11 ... 42 42 42]
[4 4 4 ... 9 9 9]
[ 4  4  4 ... 11 11 11]
[13 13 13 ... 10 10 10]
[48 48 48 ... 12 12 12]
[2 2 2 ... 2 2 2]
[18 18 18 ...  7  7  7]
[1 1 1 ... 1 1 1]
[0 0 0 ... 0 0 0]
[36 36 36 ... 10 10 10]
[0 0 0 ... 7 7 7]
[13 13 13 ...  3  3  3]
[6 6 6 ... 6 6 6]
