[18 18 18 ... 12 12 12]
[10 10 10 ...  4  4  4]
[3 3 3 ... 9 9 9]
[11 11 11 ... 23 23 23]
[4 4 4 ... 4 4 4]
[22 22 22 ...  9  9  9]
[13 13 13 ... 22 22 22]
[0 0 0 ... 0 0 0]
[18 18 18 ... 17 17 17]
[1 1 1 ... 1 1 1]
[26 26 26 ... 32 32 32]
[47 47 47 ... 31  7  7]
[22 22 22 ...  3  3  3]
[10 10 10 ... 14 38 38]
[ 3  3  3 ... 18 18 18]
[8 8 8 ... 5 5 5]
[35 35 35 ... 15 15 15]
[1 1 1 ... 4 4 4]
[31 31 31 ... 15 15 15]
[9 9 9 ... 7 7 7]
[10 10 15 ...  7  7  7]
[19 19 19 ... 12 12 12]
[14 14 14 ... 19 19 19]
[2 2 2 ... 2 2 2]
[34 34 34 ...  7  7  7]
[19 19 19 ... 13 13 13]
[40 40 40 ... 22 22 22]
[1 1 1 ... 9 9 9]
[25 25 25 ... 31 31 31]
[26 26 26 ... 27 27 27]
[26 26 26 ... 19 19 19]
[0 0 0 ... 2 2 2]
[7 7 7 ... 5 5 5]
[0 0 0 ... 0 0 0]
[36 36 36 ... 37 37 37]
[31 31 31 ... 48 48 48]
[25 25 25 ... 15 15 15]
[3 3 3 ... 3 3 3]
[ 9  9  9 ... 14 14 14]
[2 2 2 ... 7 7 7]
[12 12 12 ...  6  6  6]
[36 36 36 ... 34 34 34]
[33 33 33 ... 39 39 39]
[21 21 21 ... 30 30 30]
[35 35 35 ...  8  8  8]
[4 4 4 ... 3 3 3]
[34 34 34 ... 28 28 28]
[30 44 30 ...  3  3  3]
[30 30 30 ... 27 27 27]
[4 4 4 ... 2 2 2]
