[27 27 27 ... 11 11 11]
[23 23 23 ... 11 11 11]
[ 9  9  8 ... 17 17 17]
[1 1 1 ... 1 1 1]
[6 6 4 ... 4 4 4]
[13 13 13 ... 19 19 19]
[12 12 12 ... 19 37 37]
[6 1 6 ... 6 6 6]
[5 5 5 ... 5 5 5]
[19 19 19 ... 18 18 18]
[17 17 17 ... 15 15 15]
[29 29 29 ... 17 17 17]
[31 31 31 ...  3  3  3]
[30 30 30 ...  9  9  9]
[ 2  2  2 ... 47 47 47]
[3 3 3 ... 3 3 3]
[5 5 5 ... 5 5 5]
[5 5 5 ... 5 5 5]
[ 5  5  5 ... 17 17 17]
[31 31 31 ... 13 13 13]
[32 32 32 ... 35 35 35]
[1 1 1 ... 1 1 1]
[16 16 16 ... 18 18 18]
[33 33 33 ...  5  5  5]
[30 30 30 ... 23 23 23]
[ 6  6  6 ... 36 36 36]
[1 1 1 ... 1 1 1]
[ 4  4  4 ... 11 11 11]
[39 39 39 ... 22 22 22]
[3 3 3 ... 3 3 3]
[0 0 4 ... 4 4 4]
[4 4 4 ... 4 4 4]
[8 8 8 ... 2 2 2]
[12 12 12 ... 25 25 25]
[8 0 8 ... 8 8 8]
[ 6  6  6 ... 28 28 28]
[0 0 0 ... 0 0 0]
[38 38 38 ...  2  2  2]
[12 12 12 ... 18 18 18]
[14 14 14 ... 16 10 10]
[25 25 25 ...  8  8  8]
[0 0 0 ... 0 0 0]
[23 23 23 ... 16 16 16]
[0 0 0 ... 0 0 0]
[28 28 28 ... 16 16 16]
[47 47 47 ... 23 23 23]
[28 28 28 ... 35 35 35]
[40 40 40 ... 42 42 42]
[5 5 5 ... 9 9 9]
[3 3 3 ... 3 3 3]
