x
1 2
2 2
3 2
4 2
5 2
6 2
7 2
8 2
9 2
10 2
11 2
12 2
13 2
14 2
15 2
16 2
17 2
18 2
19 2
20 2
21 2
22 2
23 2
24 2
25 2
26 2
27 2
28 2
29 2
30 2
31 2
32 2
33 2
34 2
35 2
36 2
37 2
38 2
39 2
40 2
41 2
42 2
43 2
44 2
45 2
46 2
47 2
48 2
49 2
50 2
51 1
52 1
53 4
54 4
55 1
56 1
57 1
58 4
59 4
60 4
61 4
62 1
63 4
64 1
65 4
66 1
67 1
68 4
69 1
70 4
71 5
72 4
73 4
74 1
75 1
76 1
77 1
78 5
79 1
80 4
81 4
82 1
83 4
84 1
85 1
86 1
87 4
88 1
89 4
90 4
91 4
92 1
93 4
94 4
95 4
96 4
97 4
98 1
99 4
100 4
101 3
102 5
103 3
104 5
105 3
106 3
107 4
108 3
109 3
110 3
111 5
112 5
113 5
114 5
115 5
116 5
117 5
118 3
119 3
120 4
121 3
122 5
123 3
124 5
125 3
126 3
127 5
128 5
129 5
130 3
131 3
132 3
133 5
134 1
135 1
136 3
137 5
138 5
139 5
140 5
141 3
142 5
143 5
144 3
145 3
146 5
147 5
148 5
149 5
150 5
