ARI: 0.7219278981845112
minSplit: 0
Partition: 
[ 1  1  1  1  1  1  1  1  1  1  1  1  1  1  1  1  1  1  1  1  1  1  1  1
  1  1  1  1  1  1  1  1  1  1  1  1  1  1  1  1  1  1  1  1  1  1  1  1
  1  1  1  1  1  1  1  1  1  1  1  1  1  1  1  1  1  1  1  1  1  1  1  1
  1  1  1  1  1  1  1  1  1  1  1  1  1  1  1  1  1  1  1  1  1  1  1  1
  1  1  1  1  1  1  1  1  1  1  1  1  5  5  5  5  5  5  5  5  5  5  5  5
  5  5  5  5  5  5  5  5  5  5  5  5  9  9  9  9  9  7  7  9  9  9  9  9
  9  9  9  9  9  7  7  9  9  9  9  9  9  9  9  6  6  6  6  6  6  6  6  6
  6  6  6  6  6  6  6  6  6  6  6  6  6  6  6  6  6  6  6  6  6  6  6  6
  6  6  6  6  6  6  6  6  6  6  6  6  6  6  6  6  6  6  6  6  6  6  6  6
  6  6  6  6  6  6  6  6  6  6  6  6  6  6  6  6 11 11 11 11 11 11 11 11
 11 11 11 11 11 11 11 11 11 11 11 11 11 11 11 11 11 11 11 11 11 11  8 11
 10 10 10 10 10 10 10 10  2  2  2  2  2  2  2  2 12 10 10 10 10 10 10 10
 10 10 10 10 10 10  2  2  2  2  2  2  2  2  2  2  2  2 10  2  2 10 10 10
 10  2  2  2  2  2  2  2  2  2  2  2  2  2  2  2  2  2  2  2  2  2  2  2
  2  2  2  2  2  2  2  2  2  2  0  0  0  0  0  0  0  0  0  0  0  0  0  0
  0  0  0  0  0  0  0  0  0  0  0  0  0  0  0  0  0  0  0  0  0  0  0  0
  0  0  0  0  0  0  0  0  0  0  0  0  0  0  0  0  0  0  0  0  0  0  0  0
  0  0  0  0  0  0  0  0  0  0  0  0  0  0  0  0  0  0  0  0  0  0  0  0
  0  0  0  0  0  0  4  4  4  4  4  4  3  3  3  4  4  4  4  4  3  3  3  4
  4  4  3  3  3  3  4  4  3  3  4  4  3  3  4  4  4  4  3  3  3  3  3  3
  3  3  3  4  4  4  4  4  4  4  4  4  3  4  4  3  4  4  3  3  3  3  3  3
  3  3  3  3  3  3  3  3  3  3  3  3  3  3  4  4  4  4  4  4  4  3  3  3
  3  3  3  3  3  4  4  4  4  4  4  4  4  4  3  3  3  3  3  3  3  3  3  4
  3  3  3  3  3  3  3  3  3  3  3  3  3  3  3  3  3  3  3  3  3  3  3  3
  3  4  3  3  3  3  3  3  3  3  3  3]