x
1 7
2 1
3 1
4 1
5 7
6 7
7 1
8 7
9 1
10 1
11 7
12 1
13 1
14 1
15 7
16 7
17 7
18 7
19 7
20 7
21 7
22 7
23 1
24 7
25 1
26 1
27 7
28 7
29 7
30 1
31 1
32 7
33 1
34 7
35 1
36 1
37 7
38 1
39 1
40 7
41 7
42 7
43 1
44 7
45 7
46 1
47 7
48 1
49 7
50 1
51 6
52 6
53 6
54 3
55 6
56 3
57 6
58 3
59 6
60 3
61 6
62 3
63 6
64 6
65 3
66 6
67 3
68 3
69 6
70 3
71 4
72 3
73 6
74 6
75 6
76 6
77 6
78 6
79 6
80 3
81 3
82 3
83 3
84 4
85 6
86 6
87 6
88 6
89 3
90 3
91 3
92 6
93 3
94 3
95 3
96 3
97 3
98 6
99 3
100 3
101 2
102 4
103 5
104 4
105 8
106 5
107 3
108 5
109 4
110 2
111 4
112 4
113 8
114 4
115 8
116 8
117 4
118 2
119 5
120 6
121 2
122 4
123 4
124 4
125 8
126 5
127 4
128 4
129 8
130 5
131 5
132 5
133 8
134 6
135 8
136 5
137 4
138 4
139 4
140 8
141 2
142 8
143 4
144 2
145 2
146 8
147 4
148 8
149 2
150 4
