x
1 7
2 1
3 1
4 1
5 7
6 7
7 1
8 1
9 1
10 1
11 7
12 1
13 1
14 1
15 7
16 7
17 7
18 7
19 7
20 7
21 7
22 7
23 1
24 7
25 1
26 1
27 7
28 7
29 7
30 1
31 1
32 7
33 1
34 7
35 1
36 1
37 7
38 1
39 1
40 1
41 7
42 1
43 1
44 7
45 7
46 1
47 7
48 1
49 7
50 1
51 6
52 11
53 6
54 3
55 6
56 3
57 11
58 10
59 6
60 3
61 10
62 11
63 6
64 11
65 3
66 6
67 11
68 3
69 6
70 11
71 4
72 3
73 11
74 10
75 6
76 6
77 6
78 8
79 11
80 10
81 10
82 11
83 3
84 4
85 11
86 11
87 6
88 6
89 3
90 11
91 3
92 11
93 3
94 10
95 3
96 3
97 3
98 11
99 10
100 3
101 2
102 4
103 5
104 8
105 2
106 5
107 12
108 5
109 8
110 9
111 4
112 4
113 2
114 5
115 2
116 2
117 8
118 9
119 5
120 6
121 2
122 4
123 5
124 4
125 5
126 5
127 4
128 4
129 2
130 8
131 5
132 9
133 8
134 6
135 8
136 5
137 5
138 8
139 4
140 2
141 2
142 2
143 4
144 2
145 9
146 2
147 4
148 4
149 9
150 4
