x
1 1
2 1
3 1
4 1
5 1
6 1
7 1
8 1
9 1
10 1
11 1
12 1
13 1
14 1
15 1
16 1
17 1
18 1
19 1
20 1
21 1
22 1
23 1
24 1
25 1
26 1
27 1
28 1
29 1
30 1
31 1
32 1
33 1
34 1
35 1
36 1
37 1
38 1
39 1
40 1
41 1
42 1
43 1
44 1
45 1
46 1
47 1
48 1
49 1
50 1
51 4
52 4
53 3
54 3
55 4
56 3
57 4
58 3
59 4
60 3
61 3
62 3
63 3
64 4
65 3
66 4
67 3
68 3
69 4
70 3
71 4
72 3
73 4
74 4
75 4
76 4
77 4
78 4
79 3
80 3
81 3
82 3
83 3
84 4
85 3
86 4
87 4
88 3
89 4
90 3
91 3
92 4
93 3
94 3
95 3
96 3
97 3
98 3
99 3
100 3
101 2
102 4
103 5
104 2
105 2
106 5
107 3
108 2
109 2
110 5
111 4
112 2
113 2
114 2
115 2
116 2
117 2
118 5
119 5
120 4
121 5
122 4
123 2
124 4
125 2
126 5
127 2
128 4
129 2
130 5
131 5
132 5
133 4
134 4
135 4
136 5
137 2
138 2
139 4
140 2
141 2
142 2
143 4
144 5
145 5
146 2
147 4
148 2
149 5
150 4
