ARI: 0.6179152188927804
minSplit: 0.28
Partition: 
[12 12 12 12 12 12 12 12 12 10 10 10 10 10 10 10 10 10 12 12 12 12 12 12
 12 12 12 12 12 12 10 10 10 10 10 10 10 10 10 10 10 10 10 12 12 12 12 12
 12 12 12 12 12 12 12 12 12 12 12 10 10 10 10 10 10 10 10 10 10 10 10 10
 10 10 10 12 10 10 12 12 12 12 12 12 10 10 10 12 12 12 12 12 12 12 12 12
 12 12 10 10 10 10 10 10 10 10 10 10  5  5  5  5  5  5  5  5  5  5  5  5
  5  5  5  5  5  5  5  5  5  5  5  5  6  6  6  6  6  6  6  6  6  6  6  6
  6  6  6  6  6  6  6  6  6  6  6  6  6  6  6  8  8  8  8  8  8  8  8  8
  8  8  8  8  8  8  8  8  8  8  8  8  8  8  8  8  8  8  8  8  8  8  8  8
  8  8  8  8  8  8  8  8  8  8  8  8  8  8  8  8  8  8  8  8  8  8  8  8
  8  8  8  8  8  8  8  8  8  8  8  8  8  8  8  8  1  1  1  1  1  1  1  1
  1  1  1  1  1  1  1  1  1  1  1  1  1  1  1  1  1  1  1  1  1  1  1  1
  1  1  1  1  1  1  1  1  4  4  4  4  4  4  4  4 11  1  1  1  1  1  1  1
  1  1  1  1  1  1  4  4  4  4  4  4  4  4  4  4  4  4  1  4  4  1  1  1
  1  4  4  4  4  4  4  4  4  4  4  4  4  4  4  4  4  4  4  4  4  4  4  4
  4  4  4  4  4  4  4  4  4  4  0  0  0  0  0  0  0  0  0  0  0  0  0  0
  3  0  0  0  0  0  0  0  0  0  0  0  0  0  0  0  0  0  0  0  0  0  0  0
  0  0  3  3  3  3  3  3  3  3  3  3  3  3  3  3  3  3  3  3  3  3  3  3
  3  3  3  3  3  3  0  0  0  0  0  0  0  0  0  0  0  0  0  0  0  0  0  0
  0  0  0  0  0  0  2  2  2  2  2  2  2  2  2  2  2  2  2  2  2  2  2  2
  2  2  2  2  2  2  2  2  2  2  2  2  2  2  9  9  9  2  2  2  2  2  2  2
  2  2  2  2  9  9  9  9  9  9  9  9  2  2  2  2  2  2  2  2  2  2  2  2
  2  2  2  2  2  2  2  2  2  2  2  2  2  2  2  9  9  9  9  9  9  2  2  2
  2  2  2  2  2  9  9  9  9  9  9  9  9  9  2  2  2  2  2  2  2  2  2  9
  2  2  2  2  2  2  2  2  7  2  2  2  2  2  2  2  2  2  2  2  2  2  2  2
  2  9  2  2  2  2  2  2  2  2  2  2]