ARI: 0.5732383045663707
minSplit: 0.18000000000000005
Partition: 
[ 5  5  5  5  5  8  8  8  8  4  4  4  4  4  4  4  4  4  5  5  5  5  5  5
  5  8  8  8  8  8  4  4  4  4  4  4  4  4  4  4  4  4  4  5  5  5  5  5
  5  5  5  8  8  8  8  8  8  8  8  4  4  4  4  4  4  4  4  4  4  4  4  4
  4  4  4  4  4  4  8  8  8  8  8  8  4  4  4  8  8  5  5  5  5  5  5  5
  5  5  4  4  4  4  4  4  4  4  4  4 12 12 12 12 12 12 12 12 12 12 12 12
 12 12 12 12 12 12 12 12 12 12 12 12  9  9  9  9  9  9  9  9  9  9  9  9
  9  9  9  9  9  9  9  9  9  9  9  9  9  9  9  6  6  6  6  6  6  6  6  6
  6  6  6  6  6  6  6  6  6  6  6  6  6  6  6  6  6  6  6  6  6  6  6  6
  6  6  6  6  6  6  6  6  6  6  6  6  6  6  6  6  6  6  6  6  6  6  6  6
  6  6  6  6  6  6  6  6  6  6  6  6  6  6  6  6  2  2  2  2  2  2  2  2
  2  2  2  2  2  2  2  2  2  2  2  2  2  2  2  2  2  2  2  2  2  2  2  2
  3  3  3  3  3  3  3  3  3  3  3  3  3  3  3  3 11  3  3  3  3  3  3  3
  3  3  3  3  3  3  3  3  3  3  3  3  3  3  3  3  3  3  3  3  3  3  3  3
  3  3  3  3  3  3  3  3  3  3  3  3  3  3  3  3  3  3  3  3  3  3  3  3
  3  3  3  3  3  3  3  3  3  3  1  1  1  1  1  1  1  1  1  1  1  1  1  1
  1  1  1  1  1  1  1  1  1  1  1  1  1  1  1  1  1  1  1  1  1  1  1  1
  1  1  1  1  1  1  1  1  1  1  1  1  1  1  1  1  1  1  1  1  1  1  1  1
  1  1  1  1  1  1  1  1  1  1  1  1  1  1  1  1  1  1  1  1  1  1  1  1
  1  1  1  1  1  1  0  0  0  0  0  0  0  0  0  0  0  0  0  0  0  0  0  0
  0  0  0  0  0  0  0  0  0  0  0  0  0  0  7  0  0  0  0  0 10 10 10 10
 10  0  0  0  0  0  0  7  0  0  0  0  0  0  0  0  0  0  0  0  0 10  0  0
 10 10 10 10 10 10 10 10 10 10 10 10  0  0  0  0  0  0  0  0  0  0  0 10
 10 10 10 10 10  7  0  7  0  0  0  0  0  0  0  0  0  0 10 10  0  0  0  0
  0  0  0  0  0  0  0  0  0  0 10  0  0  0  0  0  0 10 10 10  0  0  0  0
  0  0  0  0  0  0  0  0  0  0  0  0]