ARI: 0.5789734558720395
minSplit: 0.18000000000000005
Partition: 
[ 8  8  8  8  8  8  8 12 12  5  5  5  5  5  5  5  5  5  8  8  8  8  8  8
  8  8  8 12 12 12  5  5  5  5  5  5  5  5  5  5  5  5  5  8  8  8  8  8
  8  8  8  8  8  8 12 12 12 12 12  5  5  5  5  5  5  5  5  5  5  5  5  5
  5  5  5  5  5  5 12 12 12 12  8  8  5  5  5  8  8  8  8  8  8  8  8  8
  8  8  5  5  5  5  5  5  5  5  5  5 11 11 11 11 11 11 11 11 11 11 11 11
 11 11 11 11 11 11 11 11 11 11 11 11  2  2  2  2  2  9  9  2  2  2  2  2
  2  2  2  2  2  9  9  2  2  2  2  2  2  2  2  7  7  7  7  7  7  7  7  7
  7  7  7  7  7  7  7  7  7  7  7  7  7  7  7  7  7  7  7  7  7  7  7  7
  7  7  7  7  7  7  7  7  7  7  7  7  7  7  7  7  7  7  7  7  7  7  7  7
  7  7  7  7  7  7  7  7  7  7  7  7  7  7  7  7  1  1  1  1  1  1  1  1
  1  1  1  1  1  1  1  1  1  1  1  1  1  1  1  1  1  1  1  1  1  1  1  1
 10 10 10 10 10 10 10 10  0  0  0  0  0  0  0  0 10 10 10 10 10 10 10 10
 10 10 10 10 10 10  0  0  0  0  0  0  0  0  0  0  0  0 10  0  0 10 10 10
 10  0  0  0  0  0  0  0  0  0  0  0  0  0  0  0  0  0  0  0  0  0  0  0
  0  0  0  0  0  0  0  0  0  0  4  4  4  4  4  4  4  4  4  4  4  4  4  4
  4  4  4  4  4  4  4  4  4  4  4  4  4  4  4  4  4  4  4  4  4  4  4  4
  4  4  4  4  4  4  4  4  4  4  4  4  4  4  4  4  4  4  4  4  4  4  4  4
  4  4  4  4  4  4  4  4  4  4  4  4  4  4  4  4  4  4  4  4  4  4  4  4
  4  4  4  4  4  4  3  3  3  3  3  3  3  3  3  3  3  3  3  3  3  3  3  3
  3  3  3  3  3  3  3  3  3  3  3  3  3  3  6  3  3  3  3  3  3  3  3  3
  3  3  3  3  3  3  3  6  3  3  3  3  3  3  3  3  3  3  3  3  3  3  3  3
  3  3  3  3  3  3  3  3  3  3  3  3  3  3  3  3  3  3  3  3  3  3  3  3
  3  3  3  3  3  6  3  6  3  3  3  3  3  3  3  3  3  3  3  3  3  3  3  3
  3  3  3  3  3  3  3  3  3  3  3  3  3  3  3  3  3  3  3  3  3  3  3  3
  3  3  3  3  3  3  3  3  3  3  3  3]