ARI: 0.7162832775636849
minSplit: 0
Partition: 
[ 1  1  1  1  1  1  1  1  1  1  1  1  1  1  1  1  1  1  1  1  1  1  1  1
  1  1  1  1  1  1  1  1  1  1  1  1  1  1  1  1  1  1  1  1  1  1  1  1
  1  1  1  1  1  1  1  1  1  1  1  1  1  1  1  1  1  1  1  1  1  1  1  1
  1  1  1  1  1  1  1  1  1  1  1  1  1  1  1  1  1  1  1  1  1  1  1  1
  1  1  1  1  1  1  1  1  1  1  1  1 11 11 11 11 11 11 11 11 11 11 11 11
 11 11 11 11 11 11 11 11 11 11 11 11  9  9  9  9  9  7  7  9  9  9  9  9
  9  9  9  9  9  7  7  9  9  9  9  9  9  9  9  8  8  8  8  8  8  8  8  8
  8  8  8  8  8  8  8  8  8  8  8  8  8  8  8  8  8  8  8  8  8  8  8  8
  8  8  8  8  8  8  8  8  8  8  8  8  8  8  8  8  8  8  8  8  8  8  8  8
  8  8  8  8  8  8  8  8  8  8  8  8  8  8  8  8 10 10 10 10 10 10 10 10
 10 10 10 10 10 10 10 10 10 10 10 10 10 10 10 10 10 10 10 10 10 10  5 10
  5  5  5  5  5  5  5  5  3  3  3  3  3  3  3  3 10  5  5  5  5  5  5  5
  5  5  5  5  5  5  3  3  3  3  3  3  3  3  3  3  3  3  5  3  3  5  5  5
  5  3  3  3  3  3  3  3  3  3  3  3  3  3  3  3  3  3  3  3  3  3  3  3
  3  3  3  3  3  3  3  3  3  3  0  0  0  0  0  0  0  0  0  0  0  0  0  0
  0  0  0  0  0  0  0  0  0  0  0  0  0  0  0  0  0  0  0  0  0  0  0  0
  0  0  0  0  0  0  0  0  0  0  0  0  0  0  0  0  0  0  0  0  0  0  0  0
  0  0  0  0  0  0  0  0  0  0  0  0  0  0  0  0  0  0  0  0  0  0  0  0
  0  0  0  0  0  0  4  4  4  4  4  4  2  2  2  4  4  4  4  4  2  2  2  4
  4  4  2  2  2  2  4  4  2  2  4  4  2  2  6 12 12  4  2  2  2  2  2  2
  2  2  2  4 12 12 12  6 12 12 12 12  4  4  4  2  4  4  4  2  2  2  2  2
  2  2  2  2  2  2  2  2  2  2  2  2  2  2  4 12 12 12 12 12 12  2  2  2
  2  2  2  2  2  6 12  6 12 12 12 12 12 12  4  4  2  2  2  2  2  2  4 12
  4  4  4  4  4  2  4  2  2  2  2  2  2  4  4  4  2  2  2  2  2  2  2  2
  4 12  4  4  4  4  2  2  2  2  4  4]