x
1 2
2 2
3 2
4 2
5 2
6 2
7 2
8 2
9 2
10 2
11 2
12 1
13 2
14 2
15 2
16 2
17 2
18 2
19 2
20 2
21 2
22 2
23 2
24 2
25 2
26 2
27 2
28 2
29 1
30 2
31 2
32 2
33 2
34 2
35 2
36 2
37 2
38 2
39 2
40 2
41 2
42 2
43 2
44 2
45 2
46 2
47 2
48 2
49 2
50 1
51 1
52 1
53 1
54 1
55 1
56 1
57 2
58 1
59 1
60 1
61 1
62 1
63 1
64 2
65 1
66 1
67 2
68 1
69 1
70 1
71 1
72 1
73 1
74 1
75 1
76 1
77 1
78 2
79 1
80 1
81 1
82 1
83 1
84 2
85 1
86 1
87 1
88 1
89 1
90 1
91 1
92 1
93 1
94 2
95 1
96 1
97 1
98 1
99 1
100 1
101 1
102 1
103 1
104 2
105 1
106 1
107 2
108 1
109 1
110 2
111 1
112 1
113 1
114 2
115 1
116 1
117 1
118 1
119 1
120 1
121 2
122 1
123 1
124 1
125 1
126 1
127 1
128 1
129 1
130 1
131 1
132 2
133 1
134 1
135 1
136 1
137 1
138 2
139 2
140 1
141 1
142 1
143 1
144 1
145 1
146 1
147 1
148 1
149 1
150 1
