x
1 6
2 5
3 5
4 5
5 6
6 2
7 6
8 6
9 5
10 6
11 2
12 6
13 5
14 5
15 2
16 2
17 2
18 6
19 2
20 2
21 6
22 6
23 2
24 6
25 6
26 5
27 6
28 6
29 6
30 5
31 5
32 6
33 2
34 2
35 5
36 5
37 6
38 5
39 5
40 6
41 6
42 5
43 5
44 6
45 2
46 5
47 2
48 5
49 2
50 6
51 8
52 8
53 8
54 1
55 8
56 8
57 8
58 1
59 8
60 1
61 1
62 8
63 1
64 8
65 1
66 8
67 8
68 1
69 1
70 1
71 8
72 1
73 8
74 8
75 8
76 8
77 8
78 8
79 8
80 1
81 1
82 1
83 1
84 8
85 8
86 8
87 8
88 8
89 1
90 1
91 1
92 8
93 1
94 1
95 1
96 1
97 1
98 8
99 1
100 1
101 4
102 4
103 3
104 4
105 4
106 3
107 1
108 3
109 4
110 7
111 4
112 4
113 4
114 4
115 4
116 4
117 4
118 7
119 3
120 8
121 4
122 4
123 3
124 8
125 4
126 3
127 8
128 8
129 4
130 3
131 3
132 7
133 4
134 8
135 8
136 3
137 4
138 4
139 4
140 4
141 4
142 4
143 4
144 4
145 4
146 4
147 4
148 4
149 4
150 4
