ARI: 0.6268136096817472
minSplit: 0.24
Partition: 
[12 12 12 12 12 12 12  2  2  2  2  2  2  2  2  2  2  2 12 12 12 12 12 12
 12 12 12  2  2  2  2  2  2  2  2  2  2  2  2  2  2  2  2 12 12 12 12 12
 12 12 12 12 12 12  2  2  2  2  2  2  2  2  2  2  2  2  2  2  2  2  2  2
  2  2  2  2  2  2  2  2  2  2 12  2  2  2  2 12 12 12 12 12 12 12 12 12
 12 12  2  2  2  2  2  2  2  2  2  2 11 11 11 11 11 11 11 11 11 11 11 11
 11 11 11 11 11 11 11 11 11 11 11 11  8  8  8  8  8  8  8  8  8  8  8  8
  8  8  8  8  8  8  8  8  8  8  8  8  8  8  8  6  6  6  6  6  6  6  6  6
  6  6  6  6  6  6  6  6  6  6  6  6  6  6  6  6  6  6  6  6  6  6  6  6
  6  6  6  6  6  6  6  6  6  6  6  6  6  6  6  6  6  6  6  6  6  6  6  6
  6  6  6  6  6  6  6  6  6  6  6  6  6  6  6  6  0  0  0  0  0  0  0  0
  0  0  0  0  0  0  0  0  0  0  0  0  0  0  0  0  0  0  0  0  0  0  5  0
  5  5  5  5  5  5  5  5  3  3  3  3  3  3  3  3  0  5  5  5  5  5  5  5
  5  5  5  5  5  5  3  3  3  3  3  3  3  3  3  3  3  3  5  3  3  5  5  5
  5  5  3  3  3  3  3  3  3  7  3  3  3  3  3  3  3  3  3  3  3  3  3  3
  3  3  3  3  3  3  3  3  3  3  4  4  4  4 10 10 10  4  4  4  4  4 10  4
 10 10 10 10 10 10 10  4  4  4  4 10 10 10 10 10 10 10  4  4  4  4 10 10
 10 10 10 10 10 10 10 10 10 10 10 10 10 10 10 10 10 10 10 10 10 10 10 10
 10 10 10 10 10 10  4  4  4 10  4  4  4  4  4  4 10  4  4  4  4  4  4  4
  4  4  4  4  4  4  1  1  1  1  1  1  1  1  1  1  1  1  1  1  1  1  1  1
  1  1  1  1  1  1  1  1  1  1  1  1  1  1  1  1  1  1  1  1  1  1  1  1
  1  1  1  1  1  1  1  1  1  1  1  1  1  1  1  1  1  1  1  1  1  1  1  1
  1  1  1  1  1  1  1  1  1  1  1  1  1  1  1  1  1  1  1  1  1  1  1  1
  1  1  1  1  1  1  1  1  1  1  1  1  1  1  1  1  1  1  1  1  1  1  1  1
  1  1  1  1  1  1  1  1  1  1  1  1  1  1  1  1  1  1  9  1  1  1  1  1
  1  1  1  1  1  1  1  1  1  1  1  1]