835 332 2729
1233 433 935
2447 1176 860
620 1700 1412
873 712 1832
2847 1161 485
538 2766 106
561 2482 2215
754 1853 2506
464 2174 965
901 1403 694
240 204 1900
1395 2787 2782
203 1 64
2719 2467 1613
436 1643 956
1097 1910 2423
992 727 1061
219 202 2060
1437 807 2497
93 259 2451
1856 676 2457
716 344 1601
1254 551 2439
2370 2484 322
303 1226 1304
1350 2100 49
2625 1436 561
277 2979 392
145 1042 1945
595 583 2220
705 2357 409
65 1707 1459
2473 280 1798
2928 2957 1088
557 1263 1511
1365 1036 706
1444 129 579
1348 1650 2963
2493 417 1914
243 1529 2445
1639 508 531
1587 1927 1030
2162 1210 2490
1514 22 907
1373 975 264
2191 2801 72
1364 1622 326
1638 1788 1985
734 2135 1556
112 1524 566
345 1318 2095
969 820 1016
1695 40 897
1892 1609 1131
1013 2133 1895
2581 2699 386
2729 2963 2897
1392 2882 591
1606 1657 1637
1439 165 2167
2304 2849 219
2551 1817 983
1591 2964 921
2493 2633 371
736 1032 2876
2603 1023 909
857 1955 2417
61 504 1774
2394 496 334
2850 2290 397
1991 1972 682
1928 946 64
1536 1951 2050
2182 890 1028
1250 374 2295
734 862 1287
187 1341 2931
1695 1811 106
1333 2150 595
939 931 1686
1343 687 2128
2175 97 1521
145 272 2426
772 615 2436
1543 1153 2383
1056 1598 926
1396 766 197
2181 796 2680
988 889 2082
1312 1361 2002
1754 155 2836
1252 2228 3004
2745 2736 1307
1448 1811 491
1365 93 2518
1270 1638 363
2075 1153 2786
361 1877 2953
391 1606 1680
