1235 887 2052
3007 1786 616
204 189 2225
448 2656 2823
2108 1320 1375
1649 2861 652
151 581 36
2400 1210 1257
125 1142 520
1162 1819 334
1590 1110 2673
3018 1918 883
304 1590 9
2497 2640 1443
2175 522 580
2271 359 2903
662 2735 1470
1574 1918 553
2358 2443 663
135 1050 2760
1069 2114 631
1545 1168 2712
1395 1143 1054
1096 1329 121
301 2901 2382
1894 2994 2993
1149 2029 2004
340 600 2431
1022 105 144
498 510 241
1980 834 1933
518 2821 1732
269 2270 399
2992 2324 1757
891 1459 1317
381 292 1331
3010 2186 846
1590 503 606
600 208 192
1287 1682 2600
594 2984 2181
2165 1459 1828
1757 1792 952
2394 2446 1834
432 2295 2745
356 744 2442
1455 374 317
402 1195 1447
1696 1403 2100
1276 2483 2540
2274 1210 1940
1759 2849 2318
2095 1149 472
951 2017 281
1622 1778 1941
2234 1285 31
536 2819 1029
2578 528 404
845 2232 121
1396 1749 2512
2460 1722 1579
2156 129 3020
2626 1452 1033
2698 2600 2173
3017 72 1587
1271 1999 3028
1258 848 2293
1913 1959 1211
1854 605 2373
1643 2728 679
2902 2540 1618
975 2238 560
2826 2551 197
2212 797 451
1783 1331 2809
1636 1897 931
2188 1540 2907
506 2033 75
2529 2860 2237
2701 2718 2201
2414 1600 2279
1653 225 319
780 1712 1791
530 42 2970
682 1074 227
12 2706 1113
2465 168 976
1720 1416 2077
7 1956 819
1215 1163 313
1164 1290 475
2907 2650 2409
3011 2514 1286
2765 1844 2270
742 2372 3026
2440 2842 1637
2455 2164 1881
2743 2947 206
1873 659 2257
379 700 1539
