269 1826 373
1077 1521 1172
1674 2567 2780
1597 1799 1680
28 2396 1215
798 2073 309
655 33 2250
2796 2487 1958
1768 1571 2684
210 1253 2663
1447 155 3015
977 579 2998
2014 238 563
2070 720 1381
2260 349 2307
1913 1634 2396
1572 2203 741
376 2846 1287
2960 3015 1426
1306 1793 146
1373 787 490
2116 2714 2828
739 1009 76
1931 1872 2403
1246 1878 130
1309 250 963
1947 306 699
1358 2497 2302
110 912 2513
1749 1117 9
859 798 535
2412 764 1382
178 2094 2745
564 2811 98
2323 538 2120
2785 1630 1593
2107 868 2493
1141 2394 2959
422 382 2596
1780 2188 590
1430 408 2567
1592 303 62
2337 2467 2210
1581 1719 2171
2423 2440 212
1004 423 1609
1369 474 151
775 2020 1824
2155 2032 354
1249 2186 2106
165 683 2389
2994 932 2017
890 1175 1808
2257 824 1852
1913 1292 939
101 1456 2101
2420 2500 2781
123 885 750
862 914 130
127 2157 2744
2206 2064 2748
2582 117 2056
2455 1791 983
2219 159 271
905 445 623
1251 2004 2634
2067 1904 2820
2937 171 1507
1975 2177 2182
1761 1318 2418
1542 1946 1167
33 2830 1786
2971 2636 2511
505 2409 1221
1054 2069 2579
1582 356 2331
1668 1561 2656
2755 2290 1760
2552 739 2267
214 815 789
1299 1133 2201
1544 2848 2410
2974 1591 1944
1153 865 2827
979 971 2976
1124 148 412
724 1409 2331
1809 2625 344
265 766 1962
2262 1275 1834
417 1018 1904
2842 2376 306
2631 1325 1189
2145 2210 770
1788 304 2132
168 2691 2333
2541 2444 513
2569 995 1487
1496 1929 2789
1442 491 820
