610 1845 2082
1263 628 2333
123 2160 2372
381 2567 2128
2110 2069 1504
314 1509 1865
1262 1735 2979
1847 691 60
1486 1922 747
2920 2923 3019
975 1041 1715
888 2640 2667
1838 1206 1031
1861 285 2174
1067 1168 2901
2380 2595 897
2504 2631 1550
752 344 1950
1707 1760 1525
2370 2536 2178
1772 2187 2030
2498 516 1547
1385 1921 308
1413 1217 2103
2658 357 1070
1835 2068 2380
2018 764 1090
1060 731 2486
636 884 2059
2307 2644 587
1131 1768 2776
1613 1170 181
1320 1481 510
1162 578 2782
1775 1547 2083
1022 1805 403
2760 307 1736
2110 926 2930
2863 23 1474
1027 1333 2835
1517 1268 396
2869 664 949
40 631 997
2557 2686 719
466 1943 1826
1414 1011 782
765 1472 2416
2778 2321 1218
1863 1000 3005
810 2252 1076
2759 1508 1596
1088 2055 2382
2416 374 1186
755 1562 646
1308 1073 2458
2730 2652 57
1534 1514 1088
171 1274 1141
612 2755 1772
590 855 2085
1045 1546 2668
1839 1009 616
403 2520 1831
2733 1293 2198
690 2491 1461
1425 1521 262
529 2389 321
1996 492 688
1958 696 1983
3015 2627 2368
2224 2187 750
2733 2669 288
1739 1417 436
644 2812 3014
23 2108 2031
2285 1129 2759
110 2567 565
590 2622 756
34 89 1012
738 295 2757
197 2119 482
2522 2918 2219
1507 710 2962
959 1493 2929
1499 1036 421
2420 487 1667
870 891 1800
523 129 1960
749 1298 2432
1783 2627 2546
1386 238 2675
1234 1266 753
296 1837 930
1707 37 2067
1155 906 865
502 2204 1257
102 2593 340
1961 2192 2431
2318 406 416
879 418 2331
