2341 784 285
28 1546 1710
2419 538 788
1729 1109 340
1944 1177 972
1124 1257 1011
957 950 73
1624 470 25
914 356 2477
251 271 2
1304 1951 2362
1486 2562 321
1273 1485 573
1177 1480 1287
498 1095 2907
224 1167 1815
975 2240 1503
2343 1064 2181
2423 2789 253
2690 2330 898
2089 2074 2371
1412 911 2958
1110 1738 1730
1048 1020 507
1748 992 2593
1581 1920 997
2653 1037 1379
1413 1210 2443
887 1373 486
456 392 1135
46 2576 542
1788 1456 2932
1522 1940 2594
1573 983 2450
1585 1693 1833
990 2134 2447
2429 2705 1289
2396 15 31
1477 696 2812
1604 1139 1934
1760 1752 1728
401 239 1897
236 1585 1649
2637 2407 1519
26 2198 1682
2982 2578 1214
360 656 305
183 1834 1050
1062 864 312
2333 2961 3025
1964 1147 2646
2947 14 1511
670 2597 2763
2220 1706 2641
780 171 470
346 1274 1307
1354 1268 2385
2958 1120 974
1760 966 2319
1590 1011 315
688 388 1840
1992 537 43
1879 1010 2467
247 524 2401
2663 1405 866
449 588 943
1981 1982 1009
568 413 2906
2319 2538 381
1670 1942 704
2086 1844 2698
1940 3029 2413
1836 1442 881
235 960 8
762 1857 1405
1762 1042 2704
183 97 857
3011 2391 279
2636 598 1942
1079 1355 1956
799 2286 1480
75 1263 962
1507 165 547
1534 1076 2262
1749 289 2257
2834 2873 1515
2668 78 1842
1324 2589 877
1996 1126 18
2659 970 2239
832 827 768
374 447 2564
2823 1561 2176
1371 1882 2320
2281 1307 556
411 2110 872
258 1860 53
1669 1005 2157
65 327 1173
2774 48 2159
