x
1 2
2 5
3 5
4 5
5 2
6 5
7 5
8 5
9 5
10 5
11 2
12 5
13 5
14 5
15 2
16 2
17 2
18 2
19 2
20 2
21 2
22 2
23 5
24 2
25 5
26 5
27 2
28 2
29 2
30 5
31 5
32 2
33 2
34 2
35 5
36 5
37 2
38 5
39 5
40 2
41 2
42 5
43 5
44 2
45 2
46 5
47 2
48 5
49 2
50 5
51 7
52 7
53 1
54 4
55 7
56 7
57 7
58 4
59 7
60 4
61 4
62 7
63 4
64 4
65 4
66 7
67 7
68 4
69 7
70 4
71 1
72 7
73 7
74 7
75 7
76 7
77 7
78 1
79 7
80 4
81 4
82 4
83 4
84 1
85 7
86 7
87 7
88 7
89 7
90 4
91 7
92 7
93 4
94 4
95 7
96 7
97 7
98 7
99 4
100 7
101 6
102 1
103 6
104 1
105 6
106 3
107 7
108 3
109 1
110 6
111 1
112 1
113 6
114 1
115 6
116 6
117 1
118 3
119 3
120 1
121 6
122 1
123 3
124 1
125 6
126 3
127 1
128 1
129 6
130 3
131 3
132 3
133 6
134 1
135 1
136 3
137 6
138 1
139 1
140 6
141 6
142 6
143 1
144 6
145 6
146 6
147 1
148 1
149 6
150 1
