x
1 1
2 1
3 1
4 1
5 1
6 7
7 1
8 1
9 1
10 1
11 7
12 1
13 1
14 1
15 7
16 7
17 7
18 1
19 7
20 7
21 7
22 7
23 1
24 1
25 1
26 1
27 1
28 7
29 1
30 1
31 1
32 7
33 1
34 7
35 1
36 1
37 7
38 1
39 1
40 1
41 1
42 1
43 1
44 7
45 7
46 1
47 7
48 1
49 7
50 1
51 6
52 6
53 6
54 3
55 6
56 11
57 6
58 10
59 6
60 3
61 10
62 10
63 6
64 6
65 3
66 6
67 11
68 3
69 6
70 11
71 4
72 3
73 6
74 10
75 6
76 6
77 6
78 4
79 3
80 10
81 10
82 10
83 3
84 4
85 11
86 11
87 6
88 6
89 11
90 3
91 3
92 6
93 3
94 10
95 3
96 11
97 11
98 11
99 10
100 3
101 2
102 4
103 5
104 4
105 2
106 5
107 12
108 5
109 5
110 9
111 8
112 4
113 8
114 2
115 8
116 8
117 4
118 9
119 5
120 6
121 2
122 4
123 2
124 4
125 2
126 5
127 6
128 4
129 8
130 5
131 5
132 9
133 8
134 6
135 8
136 5
137 2
138 4
139 4
140 8
141 2
142 8
143 4
144 2
145 9
146 8
147 8
148 8
149 9
150 4
