x
1 1
2 1
3 1
4 1
5 1
6 1
7 1
8 1
9 1
10 1
11 1
12 1
13 1
14 1
15 1
16 1
17 1
18 1
19 1
20 1
21 1
22 1
23 1
24 1
25 1
26 1
27 1
28 1
29 1
30 1
31 1
32 1
33 1
34 1
35 1
36 1
37 1
38 1
39 1
40 1
41 1
42 1
43 1
44 1
45 1
46 1
47 1
48 1
49 1
50 1
51 6
52 6
53 3
54 3
55 6
56 6
57 6
58 3
59 6
60 3
61 3
62 6
63 3
64 6
65 3
66 6
67 6
68 3
69 6
70 6
71 4
72 3
73 6
74 3
75 6
76 6
77 6
78 6
79 6
80 3
81 3
82 6
83 3
84 3
85 6
86 6
87 6
88 6
89 3
90 6
91 3
92 6
93 3
94 3
95 3
96 3
97 3
98 6
99 3
100 3
101 2
102 4
103 5
104 4
105 2
106 5
107 3
108 5
109 4
110 5
111 4
112 4
113 2
114 2
115 2
116 2
117 4
118 2
119 5
120 6
121 2
122 4
123 2
124 4
125 5
126 5
127 4
128 4
129 2
130 5
131 5
132 5
133 4
134 6
135 4
136 5
137 2
138 4
139 4
140 2
141 2
142 2
143 4
144 2
145 2
146 2
147 4
148 4
149 2
150 4
