ARI: 0.5949361445825168
minSplit: 0.19999999999999996
Partition: 
[ 7  7  7  7  7  7  7  4  4  4  4  4  4  4  4  4  4  4  7  7  7  7  7  7
  7  7  7  4  4  4  4  4  4  4  4  4  4  4  4  4  4  4  4  7  7  7  7  7
  7  7  7  7  7  7  4  4  4  4  4  4  4  4  4  4  4  4  4  4  4  4  4  4
  4  4  4  4  4  4  4  4  4  4  7  7  4  4  4  7  7  7  7  7  7  7  7  7
  7  7  4  4  4  4  4  4  4  4  4  4 12 12 12 12 12 12 12 12 12 12 12 12
 12 12 12 12 12 12 12 12 12 12 12 12  8  8  8  8  8  5  5  8  8  8  8  8
  8  8  8  8  8  5  5  8  8  8  8  8  8  8  8  6  6  6  6  6  6  6  6  6
  6  6  6  6  6  6  6  6  6  6  6  6  6  6  6  6  6  6  6  6  6  6  6  6
  6  6  6  6  6  6  6  6  6  6  6  6  6  6  6  6  6  6  6  6  6  6  6  6
  6  6  6  6  6  6  6  6  6  6  6  6  6  6  6  6  3  3  3  3  3  3  3  3
  3  3  3  3  3  3  3  3  3  3  3  3  3  3  3  3  3  3  3  3  3  3  9  3
 10 10 10 10 10 10 10 10  3  3  3  3  3  3  3  3  3 10 10 10 10 10 10 10
 10 10 10 10 10 10 10 10  3  3  3  3  3  3  3  3  3  3 10  3  3 10 10 10
 10 10 10 10 10 10 10 10 10 10 10 10 10 10 10 10 10 10 10 10 10 10 10 10
 10 10 10 10 10 10 10 10 10 10  1  1  1  1  1  1  1  1  1  1  1  1 11  1
  1  1  1  1  1  1  1  1  1  1  1  1  1  1  1  1  1  1  1  1  1  1  1  1
  1  1  1  1  1  1  1  1  1  1  1  1  1  1  1  1  1  1  1  1  1  1  1  1
  1  1  1  1  1  1  1  1  1  1  1  1  1  1  1  1  1  1  1  1  1  1  1  1
  1  1  1  1  1  1  2  2  2  2  2  2  2  2  2  2  2  2  2  2  2  2  2  2
  2  2  2  2  2  2  2  2  2  2  2  2  2  2  0  0  0  2  2  2  2  2  2  2
  2  2  2  2  0  0  0  0  0  0  0  0  0  0  0  2  2  0  0  0  2  2  2  2
  2  2  2  2  2  2  2  2  2  2  2  2  2  2  2  0  0  0  0  0  0  2  2  2
  2  2  2  2  2  0  0  0  0  0  0  0  0  0  0  0  2  2  2  2  2  0  0  0
  0  0  0  0  0  0  0  2  2  2  2  2  2  0  0  0  2  2  2  2  2  2  2  0
  0  0  0  0  0  0  0  2  2  0  0  0]