ARI: 0.6330581326857206
minSplit: 0
Partition: 
[ 7  7  7  7  7  7  7  4  4  4  4  4  7  7  7  7  7  7  7  7  7  7  7  7
  7  7  7  4  4  4  4  4  4  4  4  7  4  7  7  7  7  7  7  7  7  7  7  7
  7  7  7  7  7  7  4  4  4  4  4  4  4  4  4  4  4  4  4  4  7  7  7  7
  7  7  7  7  7  4  4  4  4  4  7  7  7  7  7  7  7  7  7  7  7  7  7  7
  7  7  7  7  7  7  4  4  7  7  7  7 11 11 11 11 11 11 11 11 11 11 11 11
 11 11 11 11 11 11 11 11 11 11 11 11  9  9  9  9  9 10 10  9  9  9  9  9
  9  9  9  9  9 10 10  9  9  9  9  9  9  9  9  6  6  6  6  6  6  6  6  6
  6  6  6  6  6  6  6  6  6  6  6  6  6  6  6  6  6  6  6  6  6  6  6  6
  6  6  6  6  6  6  6  6  6  6  6  6  6  6  6  6  6  6  6  6  6  6  6  6
  6  6  6  6  6  6  6  6  6  6  6  6  6  6  6  6  5  5  5  5  5  5  5  5
  5  5  5  5  5  5  5  5  5  5  5  5  5  5  5  5  5  5  5  5  5  5  8  5
  3  3  3  3  3  3  3  3  3  3  3  3  3  3  3  3 12  3  3  3  3  3  3  3
  3  3  3  3  3  3  3  3  3  3  3  3  3  3  3  3  3  3  3  3  3  3  3  3
  3  3  3  3  3  3  3  3  3  3  3  3  3  3  3  3  3  3  3  3  3  3  3  3
  3  3  3  3  3  3  3  3  3  3  1  1  1  1  1  1  1  1  1  1  1  1  1  1
  1  1  1  1  1  1  1  1  1  1  1  1  1  1  1  1  1  1  1  1  1  1  1  1
  1  1  1  1  1  1  1  1  1  1  1  1  1  1  1  1  1  1  1  1  1  1  1  1
  1  1  1  1  1  1  1  1  1  1  1  1  1  1  1  1  1  1  1  1  1  1  1  1
  1  1  1  1  1  1  2  2  2  2  2  2  0  0  0  2  2  2  2  2  0  0  0  2
  2  2  0  0  0  0  2  2  0  0  2  2  0  0  2  2  2  2  0  0  2  2  2  2
  2  0  0  2  2  2  2  2  2  2  2  2  2  2  2  0  2  2  2  2  2  2  2  2
  2  2  2  2  2  2  2  2  2  2  2  2  2  2  2  2  2  2  2  2  2  0  0  2
  2  2  2  2  2  2  2  2  2  2  2  2  2  2  2  2  2  2  2  2  2  2  2  2
  2  2  2  2  2  2  2  2  2  2  2  2  2  2  2  2  2  2  2  2  2  2  2  2
  2  2  2  2  2  2  2  2  2  2  2  2]