ARI: 0.8192439432290334
minSplit: 0
Partition: 
[ 0  0  0  0  0  0  0  0  0  0  0  0  0  0  0  0  0  0  0  0  0  0  0  0
  0  0  0  0  0  0  0  0  0  0  0  0  0  0  0  0  0  0  0  0  0  0  0  0
  0  0  0  0  0  0  0  0  0  0  0  0  0  0  0  0  0  0  0  0  0  0  0  0
  0  0  0  0  0  0  0  0  0  0  0  0  0  0  0  0  0  0  0  0  0  0  0  0
  0  0  0  0  0  0  0  0  0  0  0  0 11 11 11 11 11 11 11 11 11 11 11 11
 11 11 11 11 11 11 11 11 11 11 11 11  7  7  7  7  7  5  5  7  7  7  7  7
  7  7  7  7  7  5  5  7  7  7  7  7  7  7  7  6  6  6  6  6  6  6  6  6
  6  6  6  6  6  6  6  6  6  6  6  6  6  6  6  6  6  6  6  6  6  6  6  6
  6  6  6  6  6  6  6  6  6  6  6  6  6  6  6  6  6  6  6  6  6  6  6  6
  6  6  6  6  6  6  6  6  6  6  6  6  6  6  6  6  4  4  4  4  4  4  4  4
  4  4  4  4  4  4  4  4  4  4  4  4  4  4  4  4  4  4  4  4  4  4  4  4
  8  8  8  8  8  8  8  8  8  8  8  8  8  8  8  8  4  8  8  8  8  8  8  8
  8  8  8  8  8  8  8  8  8  8  8  8  8  8  8  8  8  8  8  8  8  8  8  8
  8  8  8  8  8  8  8  8  8  8  8  8  8  8  8  8  8  8  8  8  8  8  8  8
  8  8  8  8  8  8  8  8  8  8  1  1  1  1  1  1  1  1  1  1  1  1 12  1
  2  1  1  1  1  1  1  1  1  1  1  1  1  1  1  1  1  1  1  1  1  1  1  1
  1  1  2  2  2  2  2  2  2  2  2  2  2  2  2  2  2  2  2  2  2  2  2  2
  2  2  2  2  2  2  1  1  1  1  1  1  1  1  1  1  1  1  1  1  1  1  1  1
  1  1  1  1  1  1 10 10 10 10 10 10  3  3  3 10 10 10 10 10  3  3  3 10
 10 10  3  3  3  3 10 10  3  3 10 10  3  3  3  3  3 10  3  3  3  3  3  3
  3  3  3 10  3  3  3  3  3  3  3  3  9 10  9  3 10  9  9  9  3  3  3  9
  3  3  3  3  3  3  3  3  3  3  3  3  3  3 10  3  3  3  3  3  3  3  3  3
  3  3  3  3  3  3  3  3  3  3  3  3  3  3  9  9  9  9  3  3  9  9  9  3
  9  9  9  9  9  9  9  9  9  9  3  9  9  9  9  9  9  3  3  3  9  9  9  9
  9  3  9  9  9  9  9  9  9  9  9  9]