BP Km
[0.219, 0.227, 0.222, 0.221, 0.23, 0.232, 0.229, 0.227, 0.237, 0.234]

Kmeans
[0.279, 0.219, 0.216, 0.264, 0.216, 0.206, 0.279, 0.261, 0.285, 0.206]

EAC
[0.261, 0.261, 0.301, 0.252, 0.243, 0.243, 0.243, 0.266, 0.259, 0.259]

Constr EAC
[[0.222, 0.239, 0.239, 0.239, 0.239], [0.22, 0.233, 0.233, 0.233, 0.233], [0.22, 0.237, 0.237, 0.237, 0.237], [0.177, 0.045, 0.045, 0.045, 0.045], [0.22, 0.244, 0.244, 0.244, 0.244], [0.18, 0.25, 0.25, 0.25, 0.25], [0.22, 0.233, 0.233, 0.233, 0.233], [0.222, 0.244, 0.244, 0.244, 0.244], [0.18, 0.233, 0.233, 0.233, 0.233], [0.18, 0.25, 0.25, 0.25, 0.25]]

COP
[[0.241, 0.176, 0.232, 0.272, 0.213], [0.26, 0.232, 0.26, 0.262, 0.256], [0.205, 0.226, 0.23, 0.23, 0.228], [0.249, 0.229, 0.236, 0.252, 0.194], [0.235, 0.249, 0.235, 0.25, 0.228]]

COP EAC
[[0.225, 0.298, 0.257, 0.247, 0.219], [0.22, 0.298, 0.246, 0.198, 0.244], [0.242, 0.303, 0.257, 0.257, 0.242], [0.225, 0.25, 0.247, 0.251, 0.219], [0.237, 0.303, 0.264, 0.249, 0.244], [0.225, 0.267, 0.246, 0.249, 0.302], [0.298, 0.298, 0.247, 0.075, 0.244], [0.217, 0.296, 0.246, 0.257, 0.258], [0.276, 0.249, 0.246, 0.241, 0.219], [0.059, 0.303, 0.247, 0.189, 0.256]]

