ILP-Km25
[[0.23, 0.234, 0.231, 0.24, 0.243], [0.23, 0.234, 0.231, 0.24, 0.243], [0.256, 0.269, 0.247, 0.276, 0.263], [0.224, 0.239, 0.206, 0.231, 0.224], [0.212, 0.223, 0.202, 0.224, 0.217], [0.212, 0.223, 0.202, 0.224, 0.217], [0.212, 0.223, 0.202, 0.224, 0.217], [0.245, 0.246, 0.242, 0.255, 0.256], [0.222, 0.244, 0.216, 0.228, 0.238], [0.222, 0.244, 0.216, 0.228, 0.238]]

ILP-COP25
[[0.176, 0.258, 0.216, 0.255, 0.179], [0.19, 0.258, 0.254, 0.19, 0.215], [0.199, 0.264, 0.234, 0.273, 0.217], [0.176, 0.211, 0.204, 0.257, 0.179], [0.185, 0.264, 0.24, 0.255, 0.215], [0.176, 0.231, 0.254, 0.256, 0.28], [0.244, 0.258, 0.204, 0.075, 0.215], [0.178, 0.257, 0.254, 0.273, 0.238], [0.235, 0.211, 0.219, 0.26, 0.179], [0.027, 0.264, 0.204, 0.203, 0.245]]

ILP-Km10
[[0.247, 0.235, 0.23, 0.231, 0.24], [0.247, 0.235, 0.23, 0.231, 0.24], [0.23, 0.24, 0.233, 0.256, 0.242], [0.203, 0.214, 0.199, 0.221, 0.208], [0.207, 0.211, 0.211, 0.223, 0.206], [0.207, 0.211, 0.211, 0.223, 0.206], [0.207, 0.211, 0.211, 0.223, 0.206], [0.23, 0.216, 0.202, 0.228, 0.215], [0.235, 0.23, 0.232, 0.218, 0.225], [0.235, 0.23, 0.232, 0.218, 0.225]]

ILP-COP10
[[0.197, 0.24, 0.197, 0.212, 0.182], [0.182, 0.24, 0.185, 0.236, 0.185], [0.207, 0.248, 0.213, 0.226, 0.206], [0.197, 0.214, 0.214, 0.221, 0.182], [0.227, 0.248, 0.206, 0.225, 0.185], [0.197, 0.239, 0.185, 0.218, 0.264], [0.238, 0.24, 0.214, 0.074, 0.185], [0.189, 0.241, 0.185, 0.226, 0.226], [0.235, 0.217, 0.155, 0.216, 0.182], [0.108, 0.248, 0.214, 0.191, 0.213]]

ILP-Km5
[[0.254, 0.241, 0.232, 0.236, 0.234], [0.254, 0.241, 0.232, 0.236, 0.234], [0.271, 0.268, 0.246, 0.279, 0.27], [0.219, 0.236, 0.214, 0.247, 0.223], [0.247, 0.254, 0.241, 0.266, 0.246], [0.247, 0.254, 0.241, 0.266, 0.246], [0.247, 0.254, 0.241, 0.266, 0.246], [0.254, 0.241, 0.232, 0.236, 0.234], [0.252, 0.255, 0.245, 0.251, 0.251], [0.252, 0.255, 0.245, 0.251, 0.251]]

ILP-COP5
[[0.288, 0.25, 0.204, 0.262, 0.227], [0.203, 0.25, 0.206, 0.241, 0.209], [0.231, 0.273, 0.237, 0.255, 0.247], [0.288, 0.274, 0.232, 0.249, 0.227], [0.288, 0.273, 0.246, 0.255, 0.209], [0.288, 0.274, 0.206, 0.255, 0.27], [0.273, 0.25, 0.232, 0.086, 0.209], [0.226, 0.26, 0.206, 0.255, 0.252], [0.237, 0.281, 0.17, 0.245, 0.227], [0.151, 0.273, 0.232, 0.205, 0.231]]

