Kmeans
[69.6, 70.0, 71.2, 67.6, 71.2, 71.2, 69.6, 71.2, 70.0, 71.2]

EAC
[67.6, 67.6, 66.8, 62.4, 62.0, 62.0, 62.0, 67.6, 63.6, 63.6]

Constr EAC
[[52.0, 74.0, 48.0, 68.0, 56.0], [52.0, 74.0, 48.0, 68.0, 56.0], [52.0, 72.0, 48.0, 66.0, 56.0], [42.0, 50.0, 28.0, 38.0, 34.0], [52.0, 74.0, 48.0, 66.0, 58.0], [48.0, 76.0, 48.0, 68.0, 58.0], [52.0, 74.0, 48.0, 68.0, 56.0], [52.0, 74.0, 48.0, 66.0, 58.0], [48.0, 74.0, 48.0, 68.0, 56.0], [48.0, 76.0, 48.0, 68.0, 58.0]]

COP EAC
[[60.0, 78.0, 70.0, 68.0, 72.0], [54.0, 78.0, 62.0, 60.0, 72.0], [56.0, 80.0, 60.0, 68.0, 72.0], [60.0, 78.0, 58.0, 68.0, 72.0], [64.0, 80.0, 68.0, 68.0, 72.0], [60.0, 80.0, 62.0, 68.0, 74.0], [62.0, 78.0, 58.0, 46.0, 72.0], [54.0, 78.0, 62.0, 68.0, 72.0], [60.0, 78.0, 62.0, 66.0, 72.0], [48.0, 80.0, 58.0, 60.0, 74.0]]

