ARI: 0.753852858887311
minSplit: 0
Partition: 
[ 4  4  4  4  4  4  4  4  4  4  4  4  4  4  4  4  4  4  4  4  4  4  4  4
  4  4  4  4  4  4  4  4  4  4  4  4  4  4  4  4  4  4  4  4  4  4  4  4
  4  4  4  4  4  4  4  4  4  4  4  4  4  4  4  4  4  4  4  4  4  4  4  4
  4  4  4  4  4  4  4  4  4  4  4  4  4  4  4  4  4  4  4  4  4  4  4  4
  4  4  4  4  4  4  4  4  4  4  4  4 11 11 11 11 11 11 11 11 11 11 11 11
 11 11 11 11 11 11 11 11 11 11 11 11 12 12 12 12 12  7  7 12 12 12 12 12
 12 12 12 12 12  7  7 12 12 12 12 12 12 12 12  6  6  6  6  6  6  6  6  6
  6  6  6  6  6  6  6  6  6  6  6  6  6  6  6  6  6  6  6  6  6  6  6  6
  6  6  6  6  6  6  6  6  6  6  6  6  6  6  6  6  6  6  6  6  6  6  6  6
  6  6  6  6  6  6  6  6  6  6  6  6  6  6  6  6  1  1  1  1  1  1  1  1
  1  1  1  1  1  1  1  1  1  1  1  1  1  1  1  1  1  1  1  1  1  1  1  1
  1  1  1  1  1  1  1  1  0  0  0  0  0  0  0  0  1  1  1  1  1  1  1  1
  1  1  1  1  1  1  0  0  0  0  0  0  0  0  0  0  0  0  1  0  0  1  1  1
  1  0  0  0  0  0  0  0  0  0  0  0  0  0  0  0  0  0  0  0  0  0  0  0
  0  0  0  0  0  0  0  0  0  0 10 10 10 10  5  5  5 10 10 10 10 10  8 10
  9  5  5  5  5  5  5 10 10 10 10  5  5  5  5  5  5  5 10 10 10  5  5  5
  5  5  9  9  9  9  9  9  9  9  9  9  9  9  9  9  9  9  9  9  9  9  9  9
  9  9  9  9  9  9 10 10  5  5  5  5 10 10 10  5  5  5 10 10 10 10 10  5
  5  5 10 10  5 10  3  3  3  3  3  3  3  3  3  3  3  3  3  3  3  3  3  3
  3  3  3  3  3  3  3  3  3  3  3  3  3  3  2  2  2  3  3  3  2  2  2  2
  2  3  3  3  2  2  2  2  2  2  2  2  3  3  3  3  3  3  3  3  3  2  3  3
  2  2  2  2  2  2  2  2  2  2  2  2  3  3  3  2  2  2  2  2  2  3  3  2
  2  2  2  2  2  2  2  2  2  2  2  2  2  2  3  3  3  3  2  2  3  3  3  2
  3  3  3  3  3  3  3  3  3  3  2  3  3  3  3  3  3  2  2  2  3  3  3  3
  3  2  3  3  3  3  3  3  3  3  3  3]