ARI: 0.7027057114515857
minSplit: 0
Partition: 
[ 1  1  1  1  1  1  1  1  1  1  1  1  1  1  1  1  1  1  1  1  1  1  1  1
  1  1  1  1  1  1  1  1  1  1  1  1  1  1  1  1  1  1  1  1  1  1  1  1
  1  1  1  1  1  1  1  1  1  1  1  1  1  1  1  1  1  1  1  1  1  1  1  1
  1  1  1  1  1  1  1  1  1  1  1  1  1  1  1  1  1  1  1  1  1  1  1  1
  1  1  1  1  1  1  1  1  1  1  1  1 11 11 11 11 11 11 11 11 11 11 11 11
 11 11 11 11 11 11 11 11 11 11 11 11  7  7  7  7  7  3  3  7  7  7  7  7
  7  7  7  7  7  3  3  7  7  7  7  7  7  7  7  6  6  6  6  6  6  6  6  6
  6  6  6  6  6  6  6  6  6  6  6  6  6  6  6  6  6  6  6  6  6  6  6  6
  6  6  6  6  6  6  6  6  6  6  6  6  6  6  6  6  6  6  6  6  6  6  6  6
  6  6  6  6  6  6  6  6  6  6  6  6  6  6  6  6  4  4  4  4  4  4  4  4
  4  4  4  4  4  4  4  4  4  4  4  4  4  4  4  4  4  4  4  4  4  4 10  4
  9  9  9  9  9  9  9  9  5  5  5  5  5  5  5  5 12  9  9  9  9  9  9  9
  9  9  9  9  9  9  5  5  5  5  5  5  5  5  5  5  5  5  9  5  5  9  9  9
  9  5  5  5  5  5  5  5  5  5  5  5  5  5  5  5  5  5  5  5  5  5  5  5
  5  5  5  5  5  5  5  5  5  5  2  2  2  2  2  2  2  2  2  2  2  2  8  2
  2  2  2  2  2  2  2  2  2  2  2  2  2  2  2  2  2  2  2  2  2  2  2  2
  2  2  2  2  2  2  2  2  2  2  2  2  2  2  2  2  2  2  2  2  2  2  2  2
  2  2  2  2  2  2  2  2  2  2  2  2  2  2  2  2  2  2  2  2  2  2  2  2
  2  2  2  2  2  2  0  0  0  0  0  0  0  0  0  0  0  0  0  0  0  0  0  0
  0  0  0  0  0  0  0  0  0  0  0  0  0  0  0  0  0  0  0  0  0  0  0  0
  0  0  0  0  0  0  0  0  0  0  0  0  0  0  0  0  0  0  0  0  0  0  0  0
  0  0  0  0  0  0  0  0  0  0  0  0  0  0  0  0  0  0  0  0  0  0  0  0
  0  0  0  0  0  0  0  0  0  0  0  0  0  0  0  0  0  0  0  0  0  0  0  0
  0  0  0  0  0  0  0  0  0  0  0  0  0  0  0  0  0  0  0  0  0  0  0  0
  0  0  0  0  0  0  0  0  0  0  0  0]