ARI: 0.7324051101995032
minSplit: 0.24
Partition: 
[ 0  0  0  0  0  0  0  0  0  0  0  0  0  0  0  0  0  0  0  0  0  0  0  0
  0  0  0  0  0  0  0  0  0  0  0  0  0  0  0  0  0  0  0  0  0  0  0  0
  0  0  0  0  0  0  0  0  0  0  0  0  0  0  0  0  0  0  0  0  0  0  0  0
  0  0  0  0  0  0  0  0  0  0  0  0  0  0  0  0  0  0  0  0  0  0  0  0
  0  0  0  0  0  0  0  0  0  0  0  0  9  9  9  9  9  9  9  9  9  9  9  9
  9  9  9  9  9  9  9  9  9  9  9  9  7  7  7  7  7  7  7  7  7  7  7  7
  7  7  7  7  7  7  7  7  7  7  7  7  7  7  7 12 12 12 12 12 12 12 12 12
 12 12 12 12 12 12 12 12 12 12 12 12 12 12 12 12 12 12 12 12 12 12 12 12
 12 12 12 12 12 12 12 12 12 12 12 12 12 12 12 12 12 12 12 12 12 12 12 12
 12 12 12 12 12 12 12 12 12 12 12 12 12 12 10 12  2  2  2  2  2  2  2  2
  2  2  2  2  2  2  2  2  2  2  2  2  2  2  2  2  2  2  2  2  2  2  2  2
  2  2  2  2  2  2  2  2  4  4  4  4  4  4  4  4  2  2  2  2  2  2  2  2
  2  2  2  2  2  2  4  4  4  4  4  4  4  4  4  4  4  4  2  4  4  2  2  2
  2  4  4  4  4  4  4  4  4  4  4  4  4  4  4  4  4  4  4  4  4  4  4  4
  4  4  4  4  4  4  4  4  4  4  8  8  8  8  8  8  8  8  8  8  8  8  8  8
  8  8  8  8  8  8  8  8  8  8  8  8  8  8  8  8  8  8  8  8  8  8  8  8
  8  8  8  8  8  8  8  8  8  8  8  8  8  8  8  8  8  8  8  8  8  8  8  8
  8  8  8  8  8  8  8  8  8  8  8  8  8  6  8  8  8  8  8  8  8  8  8  8
  8  8  8  8  8  8  3  3  3  3  3  3  3  3  3  3  3  3  3  3  3  3  3  3
  3  3  3  3  3  3  3  3  3  3  3  3  3  3  5  5  5  3  3  3  3  3  3  3
  3  3  3  3  5  5  5  5  5  5  5  5  1 11  1  3  3  1  1  1  1  3  1  1
  3  3  3  3  3  3  3  3  1  3  3  3  1  1  3  5  5  5  5  5  5  3  3  3
  3  3  3  3  3  5  5  5  5  5  5  5  5  5  1  1  1  1  3  3  1  1  1  5
  1  1  1  1  1  1  1  1  1  1  3  1  1  1  1  1  1  3  3  3  1  1  1  1
  1  5  1  1  1  1  1  1  1  1  1  1]