-- Anchors details --

H= 50
final number of anchors: 39

Default partition with H clusters: 
[ 0  0  0 ... 48 48 48]
Updated partition (where clusters with only one element have been merged with their closest neighbor): 
[ 0  0  0 ... 48 48 48]
Anchors ID: 
[31, 142, 200, 204, 229, 269, 308, 310, 327, 424, 451, 487, 542, 554, 563, 596, 683, 796, 728, 1083, 1143, 1131, 1126, 1222, 1379, 1509, 1577, 1613, 1692, 1743, 1833, 1886, 1967, 2253, 2290, 2420, 2594, 2860, 2714, 519, 539]
Anchors position: 
[[651.423, 329.337], [166.321, 342.129], [337.718, 305.692], [342.994, 310.67], [332.038, 329.567], [328.638, 350.035], [326.059, 381.239], [465.741, 40.127], [517.589, 55.822], [438.797, 115.729], [469.419, 144.455], [504.016, 164.453], [509.416, 134.11], [528.705, 144.861], [580.529, 152.58], [554.133, 189.464], [503.429, 236.263], [181.293, 148.633], [37.458, 140.053], [235.478, 252.983], [276.933, 262.471], [143.269, 260.419], [358.721, 259.912], [412.013, 273.039], [34.687, 298.645], [433.06, 348.892], [27.995, 377.312], [74.33, 386.576], [389.044, 400.936], [301.158, 407.389], [173.589, 417.888], [245.642, 426.362], [309.29, 68.687], [107.594, 109.229], [646.873, 70.219], [628.554, 179.042], [582.679, 290.978], [546.742, 412.305], [496.813, 353.348]]

Partition with K clusters: 
[8 8 8 ... 5 5 5]
