-- Anchors details --

H= 50
final number of anchors: 32

Default partition with H clusters: 
[ 0  0  0 ... 49 49 49]
Updated partition (where clusters with only one element have been merged with their closest neighbor): 
[ 0  0  0 ... 49 49 49]
Anchors ID: 
[28, 90, 140, 1082, 204, 245, 317, 327, 415, 429, 451, 480, 520, 550, 587, 569, 667, 733, 934, 714, 1088, 1495, 1423, 1556, 1722, 1720, 1886, 1964, 2289, 2389, 2585, 2847, 519]
Anchors position: 
[[643.6, 328.542], [153.41, 309.122], [167.759, 340.476], [336.336, 252.815], [342.994, 310.67], [323.992, 338.852], [451.672, 48.477], [517.589, 55.822], [424.294, 97.509], [423.173, 123.604], [469.419, 144.455], [505.503, 162.45], [551.669, 119.94], [550.427, 140.703], [565.895, 174.816], [540.728, 154.218], [511.198, 229.151], [47.454, 140.403], [194.43, 168.704], [71.813, 138.206], [183.845, 254.069], [440.528, 341.442], [21.981, 310.181], [75.864, 370.152], [300.303, 404.822], [183.113, 404.72], [245.642, 426.362], [126.801, 68.228], [638.429, 69.833], [602.53, 160.501], [537.23, 287.784], [543.174, 409.724]]

Partition with K clusters: 
[7 7 7 ... 3 3 3]
