-- Anchors details --

H= 50
final number of anchors: 36

Default partition with H clusters: 
[ 0  0  0 ... 48 48 48]
Updated partition (where clusters with only one element have been merged with their closest neighbor): 
[ 0  0  0 ... 48 48 48]
Anchors ID: 
[22, 90, 140, 1220, 204, 257, 308, 314, 415, 451, 554, 522, 637, 555, 561, 716, 801, 770, 1222, 1379, 1399, 1302, 1513, 1556, 1668, 1669, 1718, 1739, 1886, 2006, 1977, 1987, 2018, 2388, 2800, 2805, 519, 539]
Anchors position: 
[[680.978, 324.669], [153.41, 309.122], [167.759, 340.476], [231.64, 272.95], [342.994, 310.67], [331.047, 343.179], [326.059, 381.239], [488.985, 46.419], [424.294, 97.509], [469.419, 144.455], [528.705, 144.861], [542.261, 121.323], [520.077, 215.482], [575.8, 145.081], [564.062, 150.091], [61.427, 138.457], [281.54, 148.927], [174.845, 146.047], [412.013, 273.039], [34.687, 298.645], [439.555, 303.691], [94.959, 283.585], [450.58, 350.598], [75.864, 370.152], [380.704, 397.84], [118.64, 397.862], [291.202, 404.565], [195.68, 407.109], [245.642, 426.362], [206.398, 74.276], [284.77, 69.565], [152.262, 71.197], [73.408, 75.876], [609.945, 158.653], [517.716, 397.381], [658.107, 398.942]]

Partition with K clusters: 
[8 8 8 ... 4 4 4]
