-- Anchors details --

H= 50
final number of anchors: 38

Default partition with H clusters: 
[ 0  0  0 ... 48 48 48]
Updated partition (where clusters with only one element have been merged with their closest neighbor): 
[ 0  0  0 ... 48 48 48]
Anchors ID: 
[20, 90, 137, 200, 237, 314, 415, 424, 451, 487, 537, 554, 599, 657, 741, 925, 770, 1058, 1350, 1074, 1270, 1514, 1576, 1668, 1833, 1705, 1886, 2006, 1967, 2185, 2012, 2028, 2253, 2329, 2420, 2594, 2824, 2845, 519]
Anchors position: 
[[653.079, 324.434], [153.41, 309.122], [184.485, 339.211], [337.718, 305.692], [320.544, 334.019], [488.985, 46.419], [424.294, 97.509], [438.797, 115.729], [469.419, 144.455], [504.016, 164.453], [516.126, 127.973], [528.705, 144.861], [560.184, 192.29], [508.167, 224.352], [67.96, 141.335], [284.233, 167.729], [174.845, 146.047], [260.292, 244.799], [43.668, 291.399], [358.137, 250.268], [432.592, 278.896], [431.13, 350.641], [72.552, 377.098], [380.704, 397.84], [173.589, 417.888], [276.546, 403.014], [245.642, 426.362], [206.398, 74.276], [309.29, 68.687], [238.965, 98.246], [150.483, 75.369], [60.474, 76.761], [107.594, 109.229], [637.992, 112.942], [628.554, 179.042], [582.679, 290.978], [523.135, 404.033], [665.24, 409.595]]

Partition with K clusters: 
[8 8 8 ... 1 1 1]
