ARI: 0.6089567572498001
minSplit: 0
Partition: 
[ 7  7  7  7  7  7  7  0  0  0  0  0  0  0  0  0  0  0  7  7  7  7  7  7
  7  7  7  0  0  0  0  0  0  0  0  0  0  0  0  0  0  0  0  7  7  7  7  7
  7  7  7  7  7  7  0  0  0  0  0  0  0  0  0  0  0  0  0  0  0  0  0  0
  0  0  0  0  0  0  0  0  0  0  7  7  0  0  0  7  7  7  7  7  7  7  7  7
  7  7  0  0  0  0  0  0  0  0  0  0  5  5  5  5  5  5  5  5  5  5  5  5
  5  5  5  5  5  5  5  5  5  5  5  5  8  8  8  8  8  6  6  8  8  8  8  8
  8  8  8  8  8  6  6  8  8  8  8  8  8  8  8  2  2  2  2  2  2  2  2  2
  2  2  2  2  2  2  2  2  2  2  2  2  2  2  2  2  2  2  2  2  2  2  2  2
  2  2  2  2  2  2  2  2  2  2  2  2  2  2  2  2  2  2  2  2  2  2  2  2
  2  2  2  2  2  2  2  2  2  2  2  2  2  2  2  2  3  3  3  3  3  3  3  3
  3  3  3  3  3  3  3  3  3  3  3  3  3  3  3  3  3  3  3  3  3  3 12  3
  4  4  4  4  4  4  4  4  4  4  4  4  4  4  4  4  3  4  4  4  4  4  4  4
  4  4  4  4  4  4  4  4  4  4  4  4  4  4  4  4  4  4  4  4  4  4  4  4
  4  4  4  4  4  4  4  4  4  4  4  4  4  4  4  4  4  4  4  4  4  4  4  4
  4  4  4  4  4  4  4  4  4  4  9  9  9  9  9  9  9  9  9  9  9  9 11  9
  9  9  9  9  9  9  9  9  9  9  9  9  9  9  9  9  9  9  9  9  9  9  9  9
  9  9  9  9  9  9  9  9  9  9  9  9  9  9  9  9  9  9  9  9  9  9  9  9
  9  9  9  9  9  9  9  9  9  9  9  9  9  9  9  9  9  9  9  9  9  9  9  9
  9  9  9  9  9  9  1  1  1  1  1  1  1  1  1  1  1  1  1  1  1  1  1  1
  1  1  1  1  1  1  1  1  1  1  1  1  1  1 10  1  1  1  1  1  1  1  1  1
  1  1  1  1  1  1  1 10  1  1  1  1  1  1  1  1  1  1  1  1  1  1  1  1
  1  1  1  1  1  1  1  1  1  1  1  1  1  1  1  1  1  1  1  1  1  1  1  1
  1  1  1  1  1 10  1 10  1  1  1  1  1  1  1  1  1  1  1  1  1  1  1  1
  1  1  1  1  1  1  1  1  1  1  1  1  1  1  1  1  1  1  1  1  1  1  1  1
  1  1  1  1  1  1  1  1  1  1  1  1]