ARI: 0.6101258862248663
minSplit: 0.24
Partition: 
[ 9  9  9  9  9  9  9  9  9  4  4  4  4  4  4  4  4  4  9  9  9  9  9  9
  9  9  9  9  9  9  4  4  4  4  4  4  4  4  4  4  4  4  4  9  9  9  9  9
  9  9  9  9  9  9  9  9  9  9  9  4  4  4  4  4  4  4  4  4  4  4  4  9
  4  4  4  4  4  4  9  9  9  9  9  9  4  4  4  9  9  9  9  9  9  9  9  9
  9  9  4  4  4  4  4  4  4  4  4  4 11 11 11 11 11 11 11 11 11 11 11 11
 11 11 11 11 11 11 11 11 11 11 11 11  0  0  0  0  0  0  0  0  0  0  0  0
  0  0  0  0  0  0  0  0  0  0  0  0  0  0  0  3  3  3  3  3  3  3  3  3
  3  3  3  3  3  3  3  3  3  3  3  3  3  3  3  3  3  3  3  3  3  3  3  3
  3  3  3  3  3  3  3  3  3  3  3  3  3  3  3  3  3  3  3  3  3  3  3  3
  3  3  3  3  3  3  3  3  3  3  3  3  3  3  3  3  8  8  8  8  8  8  8  8
  8  8  8  8  8  8  8  8  8  8  8  8  8  8  8  8  8  8  8  8  8  8  8  8
  5  5  5  5  5  5  5  5 12 12 12 12 12 12 12 12  5  5  5  5  5  5  5  5
  5  5  5  5  5  5  5  5 12 12 12 12 12 12 12 12 12 12  5 12 12  5  5  5
  5  5  5  5  5  5  5  5  5  5  5  5  5  5  5  5  5  5  5  5  5  5  5  5
  5  5  5  5  5  5  5  5  5  5  1  1  1  1  1  1  1  1  1  1  1  1 10  1
  1  1  1  1  1  1  1  1  1  1  1  1  1  1  1  1  1  1  1  1  1  1  1  1
  1  1  1  1  1  1  1  1  1  1  1  1  1  1  1  1  1  1  1  1  1  1  1  1
  1  1  1  1  1  1  1  1  1  1  1  1  1  6  1  1  1  1  1  1  1  1  1  1
  1  1  1  1  1  1  2  2  2  2  2  2  7  7  7  2  2  2  2  2  7  7  7  2
  2  2  7  7  7  7  2  2  7  7  2  2  7  7  2  2  2  2  7  7  7  7  7  7
  7  7  7  2  2  2  2  2  2  2  2  2  7  2  7  7  2  7  7  7  7  7  7  7
  7  7  7  7  7  7  7  7  7  7  7  7  7  7  2  2  2  2  2  2  2  7  7  7
  7  7  7  7  7  2  2  2  2  2  2  2  2  2  7  7  7  7  7  7  7  7  7  2
  7  7  7  7  7  7  7  7  7  7  7  7  7  7  7  7  7  7  7  7  7  7  7  7
  7  2  7  7  7  7  7  7  7  7  7  7]