x
1 1
2 5
3 5
4 1
5 1
6 1
7 5
8 5
9 5
10 5
11 1
12 5
13 5
14 5
15 1
16 1
17 1
18 1
19 1
20 1
21 1
22 1
23 5
24 1
25 1
26 5
27 1
28 1
29 1
30 5
31 5
32 1
33 1
34 1
35 5
36 5
37 1
38 5
39 5
40 1
41 1
42 5
43 5
44 1
45 1
46 5
47 1
48 5
49 1
50 5
51 4
52 4
53 4
54 3
55 4
56 10
57 4
58 10
59 4
60 3
61 3
62 4
63 3
64 4
65 3
66 4
67 4
68 3
69 10
70 3
71 11
72 3
73 10
74 10
75 4
76 4
77 4
78 11
79 4
80 3
81 3
82 3
83 3
84 10
85 11
86 4
87 4
88 10
89 3
90 3
91 3
92 4
93 4
94 3
95 3
96 3
97 3
98 4
99 3
100 3
101 7
102 11
103 7
104 11
105 7
106 6
107 9
108 6
109 2
110 7
111 11
112 11
113 7
114 11
115 7
116 6
117 2
118 8
119 6
120 10
121 7
122 11
123 6
124 11
125 7
126 2
127 11
128 11
129 11
130 2
131 6
132 8
133 7
134 4
135 10
136 6
137 7
138 2
139 11
140 7
141 7
142 7
143 11
144 7
145 7
146 7
147 11
148 11
149 7
150 11
