x
1 6
2 5
3 5
4 5
5 6
6 2
7 6
8 6
9 5
10 6
11 2
12 6
13 5
14 5
15 2
16 2
17 2
18 6
19 2
20 2
21 6
22 6
23 2
24 6
25 6
26 5
27 6
28 6
29 6
30 5
31 5
32 6
33 2
34 2
35 5
36 5
37 6
38 5
39 5
40 6
41 6
42 5
43 5
44 6
45 2
46 5
47 2
48 5
49 2
50 6
51 4
52 4
53 4
54 1
55 4
56 1
57 4
58 1
59 4
60 1
61 1
62 1
63 1
64 4
65 1
66 4
67 4
68 1
69 1
70 1
71 4
72 1
73 4
74 1
75 4
76 4
77 4
78 4
79 4
80 1
81 1
82 1
83 1
84 4
85 1
86 4
87 4
88 1
89 1
90 1
91 1
92 4
93 1
94 1
95 1
96 1
97 1
98 1
99 1
100 1
101 7
102 4
103 3
104 4
105 7
106 3
107 1
108 3
109 7
110 7
111 7
112 4
113 7
114 4
115 7
116 7
117 4
118 3
119 3
120 4
121 7
122 4
123 3
124 4
125 7
126 3
127 4
128 4
129 7
130 3
131 3
132 3
133 7
134 3
135 4
136 3
137 7
138 4
139 4
140 7
141 7
142 7
143 4
144 7
145 7
146 7
147 7
148 7
149 7
150 4
