-- Anchors details --

H= 50
final number of anchors: 25

Default partition with H clusters: 
[ 0  1  2  1  1  1  1  1  3  1  1  1  1  1  1  1  1  4  0  1  1  4  1  1
  1  1  1  1  1  1  1  1  1  1  1  1  5  1  4  4  1  1  1  4  1  5  1  4
  4  5  1  6  7  8  8  8  1  4  1  1  9  5  4  4  4  1  4  4  4  4 10  3
  1  2  1  1  1  1  2  1  2  1  1  1 11  1  1  1  1  1 12  1  1  1  1 13
  6  8 14 14  8  8  8 15 16 17 18 19 20 20 21 22 19  3  1  1  1  1  1  1
  1  1  1  1  1  1  1 23  1 24 20 19  1  3  1  3  1  1  1 19  1 25  1  1
 26 27  1  1 28  1  1  4 29  1  1  1  1  4  5  5 30 30  1 31 32 33 34 20
 35 20 36 37 38 36 32 20 23 23 23 23 39 40 20 20 41 31 31  9 42 43 44 45
 45 46 46 45 45 45 45 47 46 48 49 46 45 46 46 46 45 45 46 46 46 46]
Updated partition (where clusters with only one element have been merged with their closest neighbor): 
[ 0  1  2  1  1  1  1  1  3  1  1  1  1  1  1  1  1  4  0  1  1  4  1  1
  1  1  1  1  1  1  1  1  1  1  1  1  5  1  4  4  1  1  1  4  1  5  1  4
  4  5  1  6  8  8  8  8  1  4  1  1  9  5  4  4  4  1  4  4  4  4 11  3
  1  2  1  1  1  1  2  1  2  1  1  1 11  1  1  1  1  1  6  1  1  1  1  1
  6  8 14 14  8  8  8 24 23 21 19 19 20 20 21 21 19  3  1  1  1  1  1  1
  1  1  1  1  1  1  1 23  1 24 20 19  1  3  1  3  1  1  1 19  1 24  1  1
 21 11  1  1 32  1  1  4 30  1  1  1  1  4  5  5 30 30  1 31 32 34 34 20
 20 20 36 38 38 36 32 20 23 23 23 23 46 24 20 20 46 31 31  9 23 23 46 45
 45 46 46 45 45 45 45 49 46 20 49 46 45 46 46 46 45 45 46 46 46 46]
Anchors ID: 
[0, 6, 2, 8, 47, 36, 96, 101, 60, 84, 98, 112, 183, 105, 127, 129, 161, 186, 174, 165, 170, 171, 192, 193, 199, 190, 148, 103]
Anchors position: 
[[1.52101, 13.64, 4.49, 1.1, 71.78, 0.06, 8.75, 0.0, 0.0], [1.51743, 13.3, 3.6, 1.14, 73.09, 0.58, 8.17, 0.0, 0.0], [1.51618, 13.53, 3.55, 1.54, 72.99, 0.39, 7.78, 0.0, 0.0], [1.51918, 14.04, 3.58, 1.37, 72.08, 0.56, 8.3, 0.0, 0.0], [1.52667, 13.99, 3.7, 0.71, 71.57, 0.02, 9.82, 0.0, 0.1], [1.51909, 13.89, 3.53, 1.32, 71.81, 0.51, 8.78, 0.11, 0.0], [1.51841, 13.02, 3.62, 1.06, 72.34, 0.64, 9.13, 0.0, 0.15], [1.5173, 12.35, 2.72, 1.63, 72.87, 0.7, 9.23, 0.0, 0.0], [1.51905, 13.6, 3.62, 1.11, 72.64, 0.14, 8.76, 0.0, 0.0], [1.51409, 14.25, 3.09, 2.08, 72.28, 1.1, 7.08, 0.0, 0.0], [1.51689, 12.67, 2.88, 1.71, 73.21, 0.73, 8.54, 0.0, 0.0], [1.52777, 12.64, 0.0, 0.67, 72.02, 0.06, 14.4, 0.0, 0.0], [1.51969, 14.56, 0.0, 0.56, 73.48, 0.0, 11.22, 0.0, 0.0], [1.52475, 11.45, 0.0, 1.88, 72.19, 0.81, 13.24, 0.0, 0.34], [1.52081, 13.78, 2.28, 1.43, 71.99, 0.49, 9.85, 0.0, 0.17], [1.5202, 13.98, 1.35, 1.63, 71.76, 0.39, 10.56, 0.0, 0.18], [1.51934, 13.64, 3.54, 0.75, 72.65, 0.16, 8.89, 0.15, 0.24], [1.51838, 14.32, 3.26, 2.22, 71.25, 1.46, 5.79, 1.63, 0.0], [1.52058, 12.85, 1.61, 2.17, 72.18, 0.76, 9.7, 0.24, 0.51], [1.52171, 11.56, 1.88, 1.56, 72.86, 0.47, 11.41, 0.0, 0.0], [1.52369, 13.44, 0.0, 1.58, 72.22, 0.32, 12.24, 0.0, 0.0], [1.51316, 13.02, 0.0, 3.04, 70.48, 6.21, 6.96, 0.0, 0.0], [1.51623, 14.2, 0.0, 2.79, 73.46, 0.04, 9.04, 0.4, 0.09], [1.51719, 14.75, 0.0, 2.0, 73.02, 0.0, 8.53, 1.59, 0.08], [1.51609, 15.01, 0.0, 2.51, 73.05, 0.05, 8.83, 0.53, 0.0]]

Partition with K clusters: 
[0 0 0 0 0 0 0 0 0 0 0 0 0 0 0 0 0 0 0 0 0 0 0 0 0 0 0 0 0 0 0 0 0 0 0 0 0
 0 0 0 0 0 0 0 0 0 0 0 0 0 0 0 0 0 0 0 0 0 0 0 0 0 0 0 0 0 0 0 0 0 0 0 0 0
 0 0 0 0 0 0 0 0 0 0 0 0 0 0 0 0 0 0 0 0 0 0 0 0 0 0 0 0 0 6 0 2 2 2 0 0 2
 2 2 0 0 0 0 0 0 0 0 0 0 0 0 0 0 0 0 0 0 2 0 0 0 0 0 0 0 2 0 0 0 0 2 0 0 0
 5 0 0 0 0 0 0 0 0 0 0 0 0 0 0 0 0 2 2 0 0 0 2 3 3 2 0 0 0 0 0 0 1 0 0 0 1
 0 0 0 0 0 4 1 1 1 1 1 1 1 1 1 1 0 1 1 1 1 1 1 1 1 1 1 1 1]
