-- Anchors details --

H= 50
final number of anchors: 25

Default partition with H clusters: 
[ 0  1  1  1  1  1  1  1  2  1  1  1  1  1  1  1  1  3  0  1  1  3  1  1
  1  1  1  1  1  1  1  1  1  1  1  1  0  1  3  3  1  1  4  3  1  5  6  3
  3  5  1  5  7  8  8  9  1  3  1  1  5  0  3  3  3  1  3  3  3  3 10  2
  1  1  1  1  1  1 11  1  1  1  1  1 12  1  1  1  1  1 13  1  1  1  1 14
  5  1 15 15  1  9  9 16 17 18 19 18 20 20 18 18 18 21  1  1  1  1  1  1
  1  1  1  1  4  4  1 22  1 23 20 18  4  2  1 21  1  1  1 18  1 24  1  1
 18 25 14  1 26  1  1  3 27  1  1  1 14  3  5 28  5 29  1 30 31 32 33 20
 34 20 35 36 37 35 38 20 22 22 22 22 39 40 20 20 41 42 42  5 43 44 45 46
 46 46 46 46 46 46 46 47 46 48 49 46 46 46 46 46 46 46 46 46 46 46]
Updated partition (where clusters with only one element have been merged with their closest neighbor): 
[ 0  1  1  1  1  1  1  1  2  1  1  1  1  1  1  1  1  3  0  1  1  3  1  1
  1  1  1  1  1  1  1  1  1  1  1  1  0  1  3  3  1  1  4  3  1  5  8  3
  3  5  1  5  8  8  8  9  1  3  1  1  5  0  3  3  3  1  3  3  3  3  2  2
  1  1  1  1  1  1  1  1  1  1  1  1 25  1  1  1  1  1  5  1  1  1  1 14
  5  1 15 15  1  9  9 23 43 18 18 18 20 20 18 18 18 21  1  1  1  1  1  1
  1  1  1  1  4  4  1 22  1 23 20 18  4  2  1 21  1  1  1 18  1 23  1  1
 18 25 14  1 22  1  1  3 29  1  1  1 14  3  5  5  5 29  1 42 38 33 33 20
 20 20 35 37 37 35 38 20 22 22 22 22 46 23 20 20 46 42 42  5 43 43 22 46
 46 46 46 46 46 46 46 49 46 20 49 46 46 46 46 46 46 46 46 46 46 46]
Anchors ID: 
[61, 137, 71, 43, 124, 160, 53, 102, 95, 98, 105, 169, 113, 179, 129, 84, 152, 165, 170, 171, 164, 186, 188, 193, 199, 190, 148, 181]
Anchors position: 
[[1.51977, 13.81, 3.58, 1.32, 71.72, 0.12, 8.67, 0.69, 0.0], [1.51711, 12.89, 3.62, 1.57, 72.96, 0.61, 8.11, 0.0, 0.0], [1.51848, 13.64, 3.87, 1.27, 71.96, 0.54, 8.32, 0.0, 0.32], [1.5221, 13.73, 3.84, 0.72, 71.76, 0.17, 9.74, 0.0, 0.0], [1.52177, 13.2, 3.68, 1.15, 72.75, 0.54, 8.52, 0.0, 0.0], [1.51832, 13.33, 3.34, 1.54, 72.14, 0.56, 8.99, 0.0, 0.0], [1.51837, 13.14, 2.84, 1.28, 72.85, 0.55, 9.07, 0.0, 0.0], [1.5182, 12.62, 2.76, 0.83, 73.81, 0.35, 9.42, 0.0, 0.2], [1.5186, 13.36, 3.43, 1.43, 72.26, 0.51, 8.6, 0.0, 0.0], [1.51689, 12.67, 2.88, 1.71, 73.21, 0.73, 8.54, 0.0, 0.0], [1.52475, 11.45, 0.0, 1.88, 72.19, 0.81, 13.24, 0.0, 0.34], [1.51994, 13.27, 0.0, 1.76, 73.03, 0.47, 11.32, 0.0, 0.0], [1.51892, 13.46, 3.83, 1.26, 72.55, 0.57, 8.21, 0.0, 0.14], [1.51852, 14.09, 2.19, 1.66, 72.67, 0.0, 9.32, 0.0, 0.0], [1.5202, 13.98, 1.35, 1.63, 71.76, 0.39, 10.56, 0.0, 0.18], [1.51409, 14.25, 3.09, 2.08, 72.28, 1.1, 7.08, 0.0, 0.0], [1.51779, 13.64, 3.65, 0.65, 73.0, 0.06, 8.93, 0.0, 0.0], [1.52171, 11.56, 1.88, 1.56, 72.86, 0.47, 11.41, 0.0, 0.0], [1.52369, 13.44, 0.0, 1.58, 72.22, 0.32, 12.24, 0.0, 0.0], [1.51316, 13.02, 0.0, 3.04, 70.48, 6.21, 6.96, 0.0, 0.0], [1.51915, 12.73, 1.85, 1.86, 72.69, 0.6, 10.09, 0.0, 0.0], [1.51838, 14.32, 3.26, 2.22, 71.25, 1.46, 5.79, 1.63, 0.0], [1.52247, 14.86, 2.2, 2.06, 70.26, 0.76, 9.76, 0.0, 0.0], [1.51719, 14.75, 0.0, 2.0, 73.02, 0.0, 8.53, 1.59, 0.08], [1.51609, 15.01, 0.0, 2.51, 73.05, 0.05, 8.83, 0.53, 0.0]]

Partition with K clusters: 
[0 0 0 0 0 0 0 0 0 0 0 0 0 0 0 0 0 0 0 0 0 0 0 0 0 0 0 0 0 0 0 0 0 0 0 0 0
 0 0 0 0 0 0 0 0 0 0 0 0 0 0 0 0 0 0 0 0 0 0 0 0 0 0 0 0 0 0 0 0 0 0 0 0 0
 0 0 0 0 0 0 0 0 0 0 0 0 0 0 0 0 0 0 0 0 0 0 0 0 0 0 0 0 0 0 0 4 4 4 0 0 4
 4 4 0 0 0 0 0 0 0 0 0 0 0 0 0 0 0 0 0 0 4 0 0 0 0 0 0 0 4 0 0 0 0 4 0 0 0
 5 0 0 0 0 0 0 0 0 0 0 0 0 0 0 0 0 4 4 0 0 0 4 3 3 4 0 0 0 0 0 0 1 6 0 0 1
 0 0 0 0 0 2 1 1 1 1 1 1 1 1 1 1 0 1 1 1 1 1 1 1 1 1 1 1 1]
