-- Anchors details --

H= 50
final number of anchors: 22

Default partition with H clusters: 
[ 0  1  1  1  1  1  1  1  2  1  1  1  1  1  1  1  1  3  0  1  1  3  1  1
  1  1  1  1  1  1  1  1  1  1  1  1  0  1  3  3  1  1  1  3  1  0  1  3
  3  0  1  4  5  6  6  6  1  3  1  1  7  0  3  3  3  1  3  3  3  3  8  9
  1  1  1  1  1  1 10  1  1  1  1  1 11  1  1  1  1  1 12  1  1  1  1 13
 14  1 15 15  6  6  6 16 17 18 19 18 20 20 18 18 18 21 13 13 13 22  1  1
 13  1  1  1  1  1  1 23  1 24 20 18  1 25  1 21  1  1  1 18  1 26  1  1
 18 27 13  1 28  1  1  3 29  1  1 30 13 31  0 32  0  0  1 33 34 18 18 20
 20 20 18 35 36 18 37 20 23 38 23 23 39 40 20 20 41 33 33 42 43 44 45 46
 46 46 46 46 46 46 46 47 46 48 49 46 46 46 46 46 46 46 46 46 46 46]
Updated partition (where clusters with only one element have been merged with their closest neighbor): 
[ 0  1  1  1  1  1  1  1  9  1  1  1  1  1  1  1  1  3  0  1  1  3  1  1
  1  1  1  1  1  1  1  1  1  1  1  1  0  1  3  3  1  1  1  3  1  0  1  3
  3  0  1 14  6  6  6  6  1  3  1  1 42  0  3  3  3  1  3  3  3  3  9  9
  1  1  1  1  1  1  1  1  1  1  1  1 27  1  1  1  1  1  1  1  1  1  1 13
 14  1 15 15  6  6  6 24 43 18 18 18 20 20 18 18 18 21 13 13 13  1  1  1
 13  1  1  1  1  1  1 23  1 24 20 18  1  9  1 21  1  1  1 18  1 24  1  1
 18 27 13  1 37  1  1  3 32  1  1  1 13  3  0 32  0  0  1 33 37 18 18 20
 20 20 18 36 36 18 37 20 23 23 23 23 46 24 20 20 46 33 33 42 43 43 37 46
 46 46 46 46 46 46 46 49 46 20 49 46 46 46 46 46 46 46 46 46 46 46]
Anchors ID: 
[45, 7, 17, 55, 71, 120, 51, 98, 112, 109, 113, 176, 129, 84, 152, 186, 171, 174, 60, 188, 200, 199, 201, 190, 148]
Anchors position: 
[[1.519, 13.49, 3.48, 1.35, 71.95, 0.55, 9.0, 0.0, 0.0], [1.51756, 13.15, 3.61, 1.05, 73.24, 0.57, 8.24, 0.0, 0.0], [1.52196, 14.36, 3.85, 0.89, 71.36, 0.15, 9.15, 0.0, 0.0], [1.51769, 12.45, 2.71, 1.29, 73.7, 0.56, 9.06, 0.0, 0.24], [1.51848, 13.64, 3.87, 1.27, 71.96, 0.54, 8.32, 0.0, 0.32], [1.51844, 13.25, 3.76, 1.32, 72.4, 0.58, 8.42, 0.0, 0.0], [1.51926, 13.2, 3.33, 1.28, 72.36, 0.6, 9.14, 0.0, 0.11], [1.51689, 12.67, 2.88, 1.71, 73.21, 0.73, 8.54, 0.0, 0.0], [1.52777, 12.64, 0.0, 0.67, 72.02, 0.06, 14.4, 0.0, 0.0], [1.51818, 13.72, 0.0, 0.56, 74.45, 0.0, 10.99, 0.0, 0.0], [1.51892, 13.46, 3.83, 1.26, 72.55, 0.57, 8.21, 0.0, 0.14], [1.51905, 14.0, 2.39, 1.56, 72.37, 0.0, 9.57, 0.0, 0.0], [1.5202, 13.98, 1.35, 1.63, 71.76, 0.39, 10.56, 0.0, 0.18], [1.51409, 14.25, 3.09, 2.08, 72.28, 1.1, 7.08, 0.0, 0.0], [1.51779, 13.64, 3.65, 0.65, 73.0, 0.06, 8.93, 0.0, 0.0], [1.51838, 14.32, 3.26, 2.22, 71.25, 1.46, 5.79, 1.63, 0.0], [1.51316, 13.02, 0.0, 3.04, 70.48, 6.21, 6.96, 0.0, 0.0], [1.52058, 12.85, 1.61, 2.17, 72.18, 0.76, 9.7, 0.24, 0.51], [1.51905, 13.6, 3.62, 1.11, 72.64, 0.14, 8.76, 0.0, 0.0], [1.52247, 14.86, 2.2, 2.06, 70.26, 0.76, 9.76, 0.0, 0.0], [1.51508, 15.15, 0.0, 2.25, 73.5, 0.0, 8.34, 0.63, 0.0], [1.51609, 15.01, 0.0, 2.51, 73.05, 0.05, 8.83, 0.53, 0.0]]

Partition with K clusters: 
[0 0 0 0 0 0 0 0 0 0 0 0 0 0 0 0 0 0 0 0 0 0 0 0 0 0 0 0 0 0 0 0 0 0 0 0 0
 0 0 0 0 0 0 0 0 0 0 0 0 0 0 0 0 0 0 0 0 0 0 0 0 0 0 0 0 0 0 0 0 0 0 0 0 0
 0 0 0 0 0 0 0 0 0 0 0 0 0 0 0 0 0 0 0 0 0 0 0 0 0 0 0 0 0 0 0 0 0 0 0 0 0
 0 0 0 0 0 0 0 0 0 0 0 0 0 0 0 0 0 0 0 0 0 0 0 0 0 0 0 0 0 0 0 0 0 0 0 0 0
 6 0 0 0 0 0 0 0 0 0 0 0 0 0 0 4 0 0 0 0 0 0 0 3 3 0 0 0 0 0 0 0 1 0 0 0 1
 4 4 0 0 0 5 1 1 1 1 1 1 1 1 1 1 2 1 1 1 1 1 1 1 1 1 1 1 1]
