-- Anchors details --

H= 50
final number of anchors: 23

Default partition with H clusters: 
[ 0  1  1  1  1  1  1  1  2  1  1  1  1  1  1  1  1  3  0  1  1  3  1  1
  1  1  1  1  1  1  1  1  1  1  1  1  2  1  3  3  1  1  1  3  1  2  4  3
  3  2  1  5  6  7  7  7  1  3  1  1  2  2  3  3  3  1  3  3  3  3  8  9
  1  1  1  1  1  1 10  1  1  1  1  1 11  1  1  1  1  1 12  1  1  1  1 13
  5  7 14 14  7  7  7 15 16 17 18 17 19 19 17 17 17 20  1  1  1  1  1  1
  1  1  1  1  1  1  1 21  1 22 19 17  1 23  1 20  1  1  1 17  1 24  1  1
 17 25 13  1 26  1  1  3 27  1  1 28 29 30  2 27  2  2  1 31 32 33 34 19
 19 19 35 36 37 35 38 19 21 39 21 21 40 41 19 19 42 43 31  2 21 44 45 46
 46 46 46 46 46 46 46 47 46 48 49 46 46 46 46 46 46 46 46 46 46 46]
Updated partition (where clusters with only one element have been merged with their closest neighbor): 
[ 0  1  1  1  1  1  1  1  2  1  1  1  1  1  1  1  1  3  0  1  1  3  1  1
  1  1  1  1  1  1  1  1  1  1  1  1  2  1  3  3  1  1  1  3  1  2  1  3
  3  2  1  5  7  7  7  7  1  3  1  1  2  2  3  3  3  1  3  3  3  3 11 23
  1  1  1  1  1  1  1  1  1  1  1  1 11  1  1  1  1  1  5  1  1  1  1 13
  5  7 14 14  7  7  7 22 21 17 17 17 19 19 17 17 17 20  1  1  1  1  1  1
  1  1  1  1  1  1  1 21  1 22 19 17  1 23  1 20  1  1  1 17  1 22  1  1
 17 11 13  1 38  1  1  3 27  1  1  1 13  3  2 27  2  2  1 31 38 34 34 19
 19 19 35 37 37 35 38 19 21 21 21 21 46 22 19 19 46 31 31  2 21 21 46 46
 46 46 46 46 46 46 46 49 46 19 49 46 46 46 46 46 46 46 46 46 46 46]
Anchors ID: 
[0, 19, 45, 17, 96, 101, 84, 95, 98, 105, 167, 113, 127, 129, 71, 152, 186, 165, 170, 171, 174, 193, 199, 148, 201, 181]
Anchors position: 
[[1.52101, 13.64, 4.49, 1.1, 71.78, 0.06, 8.75, 0.0, 0.0], [1.51735, 13.02, 3.54, 1.69, 72.73, 0.54, 8.44, 0.0, 0.07], [1.519, 13.49, 3.48, 1.35, 71.95, 0.55, 9.0, 0.0, 0.0], [1.52196, 14.36, 3.85, 0.89, 71.36, 0.15, 9.15, 0.0, 0.0], [1.51841, 13.02, 3.62, 1.06, 72.34, 0.64, 9.13, 0.0, 0.15], [1.5173, 12.35, 2.72, 1.63, 72.87, 0.7, 9.23, 0.0, 0.0], [1.51409, 14.25, 3.09, 2.08, 72.28, 1.1, 7.08, 0.0, 0.0], [1.5186, 13.36, 3.43, 1.43, 72.26, 0.51, 8.6, 0.0, 0.0], [1.51689, 12.67, 2.88, 1.71, 73.21, 0.73, 8.54, 0.0, 0.0], [1.52475, 11.45, 0.0, 1.88, 72.19, 0.81, 13.24, 0.0, 0.34], [1.51969, 12.64, 0.0, 1.65, 73.75, 0.38, 11.53, 0.0, 0.0], [1.51892, 13.46, 3.83, 1.26, 72.55, 0.57, 8.21, 0.0, 0.14], [1.52081, 13.78, 2.28, 1.43, 71.99, 0.49, 9.85, 0.0, 0.17], [1.5202, 13.98, 1.35, 1.63, 71.76, 0.39, 10.56, 0.0, 0.18], [1.51848, 13.64, 3.87, 1.27, 71.96, 0.54, 8.32, 0.0, 0.32], [1.51779, 13.64, 3.65, 0.65, 73.0, 0.06, 8.93, 0.0, 0.0], [1.51838, 14.32, 3.26, 2.22, 71.25, 1.46, 5.79, 1.63, 0.0], [1.52171, 11.56, 1.88, 1.56, 72.86, 0.47, 11.41, 0.0, 0.0], [1.52369, 13.44, 0.0, 1.58, 72.22, 0.32, 12.24, 0.0, 0.0], [1.51316, 13.02, 0.0, 3.04, 70.48, 6.21, 6.96, 0.0, 0.0], [1.52058, 12.85, 1.61, 2.17, 72.18, 0.76, 9.7, 0.24, 0.51], [1.51719, 14.75, 0.0, 2.0, 73.02, 0.0, 8.53, 1.59, 0.08], [1.51609, 15.01, 0.0, 2.51, 73.05, 0.05, 8.83, 0.53, 0.0]]

Partition with K clusters: 
[0 0 0 0 0 0 0 0 0 0 0 0 0 0 0 0 0 0 0 0 0 0 0 0 0 0 0 0 0 0 0 0 0 0 0 0 0
 0 0 0 0 0 0 0 0 0 0 0 0 0 0 0 0 0 0 0 0 0 0 0 0 0 0 0 0 0 0 0 0 0 0 0 0 0
 0 0 0 0 0 0 0 0 0 0 0 0 0 0 0 0 0 0 0 0 0 0 0 0 0 0 0 0 0 2 0 2 2 2 2 2 2
 2 2 0 0 0 0 0 0 0 0 0 0 0 0 0 0 0 0 2 2 2 0 0 0 0 0 0 0 2 0 2 0 0 2 0 0 0
 3 0 0 0 0 0 0 0 0 0 0 0 0 0 0 0 2 2 2 2 2 2 2 4 4 2 2 2 0 0 0 0 1 6 2 2 1
 0 0 0 0 0 1 1 1 1 1 1 1 1 1 1 1 5 1 1 1 1 1 1 1 1 1 1 1 1]
