-- Anchors details --

H= 50
final number of anchors: 23

Default partition with H clusters: 
[ 0  1  1  1  1  1  1  1  2  1  1  1  1  1  1  1  1  3  0  1  1  3  1  1
  1  1  1  1  1  1  1  1  1  1  1  1  4  1  3  3  1  1  1  3  1  4  1  3
  3  4  1  5  6  1  1  1  1  3  1  1  7  4  3  3  3  1  3  3  3  3  8  9
  1  1  1  1  1  1 10  1  1  1  1  1 11  1  1  1  1  1 12  1  1  1  1  1
 13  1 14 14  1  1  1 15 16 17 18 19 20 20 21 22 23 24  1  1  1  1  1  1
  1  1  1  1  1  1  1 25  1 26 20 23  1 27  1 24  1  1  1 23  1 28  1  1
 29 30  1  1 31  1  1  3 32  1  1  1  1  3  4  4  4  4  1 33 34 35 35 20
 20 20 23 36 37 23 38 20 25 25 25 25 39 40 20 20 41 42 42  4 43 44 45 46
 46 46 46 46 46 46 46 47 46 48 49 46 46 46 46 46 46 46 46 46 46 46]
Updated partition (where clusters with only one element have been merged with their closest neighbor): 
[ 0  1  1  1  1  1  1  1  9  1  1  1  1  1  1  1  1  3  0  1  1  3  1  1
  1  1  1  1  1  1  1  1  1  1  1  1  4  1  3  3  1  1  1  3  1  4  1  3
  3  4  1 13  1  1  1  1  1  3  1  1  4  4  3  3  3  1  3  3  3  3  9  9
  1  1  1  1  1  1  1  1  1  1  1  1 30  1  1  1  1  1  4  1  1  1  1  1
 13  1 14 14  1  1  1 26 43 21 19 19 20 20 21 21 23 24  1  1  1  1  1  1
  1  1  1  1  1  1  1 25  1 26 20 23  1  9  1 24  1  1  1 23  1 26  1  1
 21 30  1  1 45  1  1  3  4  1  1  1  1  3  4  4  4  4  1 42 38 35 35 20
 20 20 23 37 37 23 38 20 25 25 25 25 46 26 20 20 46 42 42  4 43 43 45 46
 46 46 46 46 46 46 46 49 46 20 49 46 46 46 46 46 46 46 46 46 46 46]
Anchors ID: 
[0, 7, 17, 160, 71, 51, 98, 106, 109, 105, 131, 113, 176, 129, 84, 165, 171, 164, 186, 188, 148, 193, 199, 103]
Anchors position: 
[[1.52101, 13.64, 4.49, 1.1, 71.78, 0.06, 8.75, 0.0, 0.0], [1.51756, 13.15, 3.61, 1.05, 73.24, 0.57, 8.24, 0.0, 0.0], [1.52196, 14.36, 3.85, 0.89, 71.36, 0.15, 9.15, 0.0, 0.0], [1.51832, 13.33, 3.34, 1.54, 72.14, 0.56, 8.99, 0.0, 0.0], [1.51848, 13.64, 3.87, 1.27, 71.96, 0.54, 8.32, 0.0, 0.32], [1.51926, 13.2, 3.33, 1.28, 72.36, 0.6, 9.14, 0.0, 0.11], [1.51689, 12.67, 2.88, 1.71, 73.21, 0.73, 8.54, 0.0, 0.0], [1.53125, 10.73, 0.0, 2.1, 69.81, 0.58, 13.3, 3.15, 0.28], [1.51818, 13.72, 0.0, 0.56, 74.45, 0.0, 10.99, 0.0, 0.0], [1.52475, 11.45, 0.0, 1.88, 72.19, 0.81, 13.24, 0.0, 0.34], [1.52614, 13.7, 0.0, 1.36, 71.24, 0.19, 13.44, 0.0, 0.1], [1.51892, 13.46, 3.83, 1.26, 72.55, 0.57, 8.21, 0.0, 0.14], [1.51905, 14.0, 2.39, 1.56, 72.37, 0.0, 9.57, 0.0, 0.0], [1.5202, 13.98, 1.35, 1.63, 71.76, 0.39, 10.56, 0.0, 0.18], [1.51409, 14.25, 3.09, 2.08, 72.28, 1.1, 7.08, 0.0, 0.0], [1.52171, 11.56, 1.88, 1.56, 72.86, 0.47, 11.41, 0.0, 0.0], [1.51316, 13.02, 0.0, 3.04, 70.48, 6.21, 6.96, 0.0, 0.0], [1.51915, 12.73, 1.85, 1.86, 72.69, 0.6, 10.09, 0.0, 0.0], [1.51838, 14.32, 3.26, 2.22, 71.25, 1.46, 5.79, 1.63, 0.0], [1.52247, 14.86, 2.2, 2.06, 70.26, 0.76, 9.76, 0.0, 0.0], [1.5167, 13.24, 3.57, 1.38, 72.7, 0.56, 8.44, 0.0, 0.1], [1.51719, 14.75, 0.0, 2.0, 73.02, 0.0, 8.53, 1.59, 0.08], [1.51609, 15.01, 0.0, 2.51, 73.05, 0.05, 8.83, 0.53, 0.0]]

Partition with K clusters: 
[0 0 0 0 0 0 0 0 0 0 0 0 0 0 0 0 0 0 0 0 0 0 0 0 0 0 0 0 0 0 0 0 0 0 0 0 0
 0 0 0 0 0 0 0 0 0 0 0 0 0 0 0 0 0 0 0 0 0 0 0 0 0 0 0 0 0 0 0 0 0 0 0 0 0
 0 0 0 0 0 0 0 0 0 0 0 0 0 0 0 0 0 0 0 0 0 0 0 0 0 0 0 0 0 6 0 2 2 2 0 0 2
 2 2 0 0 0 0 0 0 0 0 0 0 0 0 0 0 0 0 0 0 2 0 0 0 0 0 0 0 2 0 0 0 0 2 0 0 0
 5 0 0 0 0 0 0 0 0 0 0 0 0 0 0 4 0 2 2 0 0 0 2 3 3 2 0 0 0 0 0 0 1 0 0 0 1
 4 4 0 0 0 1 1 1 1 1 1 1 1 1 1 1 0 1 1 1 1 1 1 1 1 1 1 1 1]
