-- Anchors details --

H= 50
final number of anchors: 22

Default partition with H clusters: 
[ 0  1  1  1  1  1  1  1  2  1  1  1  1  1  1  1  1  3  0  1  1  3  1  1
  1  1  1  1  1  1  1  1  1  1  1  1  0  1  3  3  1  1  1  3  1  0  1  3
  3  0  1  4  5  6  6  6  1  3  1  1  7  0  3  3  3  1  3  3  3  3  8  2
  1  1  1  1  1  1  1  1  1  1  1  1  9  1  1  1  1  1 10  1  1  1  1  1
  4  1 11 11  6  6  6 12 13 14 15 14 16 16 14 14 14  0  1  1  1  1  1  1
  1  1  1  1  1  1  1 17  1 18 16 14  1  2  1  0  1  1  1 14  1 19  1  1
 14 20 21  1 22  1  1  3  0  1  1  1  1  3  0  0  0  0  1 23 24 25 25 16
 16 16 26 27 28 29 24 16 17 17 17 17 30 31 16 16 32 23 23  0 33 34 35 36
 36 37 38 36 36 36 36 39 36 40 41 42 36 43 44 45 36 36 46 47 48 49]
Updated partition (where clusters with only one element have been merged with their closest neighbor): 
[ 0  1  1  1  1  1  1  1  2  1  1  1  1  1  1  1  1  3  0  1  1  3  1  1
  1  1  1  1  1  1  1  1  1  1  1  1  0  1  3  3  1  1  1  3  1  0  1  3
  3  0  1  4  6  6  6  6  1  3  1  1  0  0  3  3  3  1  3  3  3  3  9  2
  1  1  1  1  1  1  1  1  1  1  1  1  9  1  1  1  1  1  1  1  1  1  1  1
  4  1 11 11  6  6  6 18 33 14 14 14 16 16 14 14 14  0  1  1  1  1  1  1
  1  1  1  1  1  1  1 17  1 18 16 14  1  2  1  0  1  1  1 14  1 18  1  1
 14  9  1  1 35  1  1  3  0  1  1  1  1  3  0  0  0  0  1 23 24 25 25 16
 16 16 29 28 28 29 24 16 17 17 17 17 36 35 16 16 36 23 23  0 33 33 35 36
 36 38 38 36 36 36 36 41 36 36 41 38 36 38 38 38 36 36 38 38 38 38]
Anchors ID: 
[45, 19, 71, 17, 51, 55, 84, 98, 105, 182, 176, 129, 186, 164, 165, 171, 170, 188, 190, 192, 193, 199, 201, 181, 148]
Anchors position: 
[[1.519, 13.49, 3.48, 1.35, 71.95, 0.55, 9.0, 0.0, 0.0], [1.51735, 13.02, 3.54, 1.69, 72.73, 0.54, 8.44, 0.0, 0.07], [1.51848, 13.64, 3.87, 1.27, 71.96, 0.54, 8.32, 0.0, 0.32], [1.52196, 14.36, 3.85, 0.89, 71.36, 0.15, 9.15, 0.0, 0.0], [1.51926, 13.2, 3.33, 1.28, 72.36, 0.6, 9.14, 0.0, 0.11], [1.51769, 12.45, 2.71, 1.29, 73.7, 0.56, 9.06, 0.0, 0.24], [1.51409, 14.25, 3.09, 2.08, 72.28, 1.1, 7.08, 0.0, 0.0], [1.51689, 12.67, 2.88, 1.71, 73.21, 0.73, 8.54, 0.0, 0.0], [1.52475, 11.45, 0.0, 1.88, 72.19, 0.81, 13.24, 0.0, 0.34], [1.51916, 14.15, 0.0, 2.09, 72.74, 0.0, 10.88, 0.0, 0.0], [1.51905, 14.0, 2.39, 1.56, 72.37, 0.0, 9.57, 0.0, 0.0], [1.5202, 13.98, 1.35, 1.63, 71.76, 0.39, 10.56, 0.0, 0.18], [1.51838, 14.32, 3.26, 2.22, 71.25, 1.46, 5.79, 1.63, 0.0], [1.51915, 12.73, 1.85, 1.86, 72.69, 0.6, 10.09, 0.0, 0.0], [1.52171, 11.56, 1.88, 1.56, 72.86, 0.47, 11.41, 0.0, 0.0], [1.51316, 13.02, 0.0, 3.04, 70.48, 6.21, 6.96, 0.0, 0.0], [1.52369, 13.44, 0.0, 1.58, 72.22, 0.32, 12.24, 0.0, 0.0], [1.52247, 14.86, 2.2, 2.06, 70.26, 0.76, 9.76, 0.0, 0.0], [1.51613, 13.88, 1.78, 1.79, 73.1, 0.0, 8.67, 0.76, 0.0], [1.51623, 14.2, 0.0, 2.79, 73.46, 0.04, 9.04, 0.4, 0.09], [1.51719, 14.75, 0.0, 2.0, 73.02, 0.0, 8.53, 1.59, 0.08], [1.51609, 15.01, 0.0, 2.51, 73.05, 0.05, 8.83, 0.53, 0.0]]

Partition with K clusters: 
[0 0 0 0 0 0 0 0 0 0 0 0 0 0 0 0 0 0 0 0 0 0 0 0 0 0 0 0 0 0 0 0 0 0 0 0 0
 0 0 0 0 0 0 0 0 0 0 0 0 0 0 0 0 0 0 0 0 0 0 0 0 0 0 0 0 0 0 0 0 0 0 0 0 0
 0 0 0 0 0 0 0 0 0 0 0 0 0 0 0 0 0 0 0 0 0 0 0 0 0 0 0 0 0 0 0 0 0 0 0 0 0
 0 0 0 0 0 0 0 0 0 0 0 0 0 0 0 0 0 0 0 0 0 0 0 0 0 0 0 0 0 0 0 0 0 0 0 0 0
 6 0 0 0 0 0 0 0 0 0 0 0 0 0 0 0 0 0 0 0 0 0 0 3 3 0 0 0 0 0 0 0 1 5 0 0 1
 0 0 0 0 0 4 1 1 1 1 1 1 1 1 1 1 2 1 1 1 1 1 1 1 1 1 1 1 1]
