-- Anchors details --

H= 50
final number of anchors: 23

Default partition with H clusters: 
[ 0  1  1  1  1  1  1  1  2  1  1  1  1  1  1  1  1  3  0  1  1  3  1  1
  1  1  1  1  1  1  1  1  1  1  1  1  4  1  3  3  1  1  1  3  1  4  1  3
  3  4  1  5  6  1  1  1  1  3  1  1  7  4  3  3  3  1  3  3  3  3  8  9
  1  1  1  1  1  1 10  1  1  1  1  1 11  1  1  1  1  1 12  1  1  1  1  1
 13  1 14 14  1  1  1 15 16 17 18 19 20 20 17 17 17 21  1  1  1  1  1  1
  1  1  1  1  1  1  1 22  1 23 20 17  1 24  1 21  1  1  1 17  1 25  1  1
 17 26  1  1 27  1  1  3 28  1  1  1  1  3  4  4  4 29  1 30 31 32 33 20
 34 20 35 36 37 17 38 20 22 22 22 22 39 40 20 20 41 30 30 42 43 44 45 46
 46 46 46 46 46 46 46 47 46 48 49 46 46 46 46 46 46 46 46 46 46 46]
Updated partition (where clusters with only one element have been merged with their closest neighbor): 
[ 0  1  1  1  1  1  1  1  9  1  1  1  1  1  1  1  1  3  0  1  1  3  1  1
  1  1  1  1  1  1  1  1  1  1  1  1  4  1  3  3  1  1  1  3  1  4  1  3
  3  4  1 13  1  1  1  1  1  3  1  1 42  4  3  3  3  1  3  3  3  3 11  9
  1  1  1  1  1  1  1  1  1  1  1  1 11  1  1  1  1  1 42  1  1  1  1  1
 13  1 14 14  1  1  1 23 43 17 19 19 20 20 17 17 17 21  1  1  1  1  1  1
  1  1  1  1  1  1  1 22  1 23 20 17  1  9  1 21  1  1  1 17  1 23  1  1
 17 11  1  1 38  1  1  3 29  1  1  1  1  3  4  4  4 29  1 30 38 33 33 20
 20 20 17 37 37 17 38 20 22 22 22 22 46 23 20 20 46 30 30 42 43 43 46 46
 46 46 46 46 46 46 46 49 46 20 49 46 46 46 46 46 46 46 46 46 46 46]
Anchors ID: 
[0, 4, 17, 49, 71, 84, 51, 98, 112, 106, 167, 113, 127, 129, 152, 186, 165, 171, 174, 60, 188, 200, 199, 148, 190]
Anchors position: 
[[1.52101, 13.64, 4.49, 1.1, 71.78, 0.06, 8.75, 0.0, 0.0], [1.51742, 13.27, 3.62, 1.24, 73.08, 0.55, 8.07, 0.0, 0.0], [1.52196, 14.36, 3.85, 0.89, 71.36, 0.15, 9.15, 0.0, 0.0], [1.51898, 13.58, 3.35, 1.23, 72.08, 0.59, 8.91, 0.0, 0.0], [1.51848, 13.64, 3.87, 1.27, 71.96, 0.54, 8.32, 0.0, 0.32], [1.51409, 14.25, 3.09, 2.08, 72.28, 1.1, 7.08, 0.0, 0.0], [1.51926, 13.2, 3.33, 1.28, 72.36, 0.6, 9.14, 0.0, 0.11], [1.51689, 12.67, 2.88, 1.71, 73.21, 0.73, 8.54, 0.0, 0.0], [1.52777, 12.64, 0.0, 0.67, 72.02, 0.06, 14.4, 0.0, 0.0], [1.53125, 10.73, 0.0, 2.1, 69.81, 0.58, 13.3, 3.15, 0.28], [1.51969, 12.64, 0.0, 1.65, 73.75, 0.38, 11.53, 0.0, 0.0], [1.51892, 13.46, 3.83, 1.26, 72.55, 0.57, 8.21, 0.0, 0.14], [1.52081, 13.78, 2.28, 1.43, 71.99, 0.49, 9.85, 0.0, 0.17], [1.5202, 13.98, 1.35, 1.63, 71.76, 0.39, 10.56, 0.0, 0.18], [1.51779, 13.64, 3.65, 0.65, 73.0, 0.06, 8.93, 0.0, 0.0], [1.51838, 14.32, 3.26, 2.22, 71.25, 1.46, 5.79, 1.63, 0.0], [1.52171, 11.56, 1.88, 1.56, 72.86, 0.47, 11.41, 0.0, 0.0], [1.51316, 13.02, 0.0, 3.04, 70.48, 6.21, 6.96, 0.0, 0.0], [1.52058, 12.85, 1.61, 2.17, 72.18, 0.76, 9.7, 0.24, 0.51], [1.51905, 13.6, 3.62, 1.11, 72.64, 0.14, 8.76, 0.0, 0.0], [1.52247, 14.86, 2.2, 2.06, 70.26, 0.76, 9.76, 0.0, 0.0], [1.51508, 15.15, 0.0, 2.25, 73.5, 0.0, 8.34, 0.63, 0.0], [1.51609, 15.01, 0.0, 2.51, 73.05, 0.05, 8.83, 0.53, 0.0]]

Partition with K clusters: 
[0 0 0 0 0 0 0 0 0 0 0 0 0 0 0 0 0 0 0 0 0 0 0 0 0 0 0 0 0 0 0 0 0 0 0 0 0
 0 0 0 0 0 0 0 0 0 0 0 0 0 0 0 0 0 0 0 0 0 0 0 0 0 0 0 0 0 0 0 0 0 0 0 0 0
 0 0 0 0 0 0 0 0 0 0 0 0 0 0 0 0 0 0 0 0 0 0 0 0 0 0 0 0 0 0 0 4 4 4 0 0 4
 4 4 0 0 0 0 0 0 0 0 0 0 0 0 0 0 0 0 0 0 4 0 0 0 0 0 0 0 4 0 0 0 0 4 0 0 0
 5 0 0 0 0 0 0 0 0 0 0 0 0 0 0 2 0 4 4 0 0 0 4 3 3 4 0 0 0 0 0 0 1 0 0 0 1
 2 2 0 0 0 6 1 1 1 1 1 1 1 1 1 1 0 1 1 1 1 1 1 1 1 1 1 1 1]
