-- Anchors details --

H= 50
final number of anchors: 24

Default partition with H clusters: 
[ 0  1  2  1  2  2  2  2  3  2  2  2  2  2  2  2  2  4  5  2  2  4  2  2
  2  2  2  2  2  2  2  2  2  2  2  2  6  2  4  4  2  2  2  4  2  6  2  4
  4  6  2  6  7  8  8  8  2  4  2  2  6  6  4  4  4  2  4  4  4  4  9 10
  2  2  2  2  1  2 11  2  2  2  2  2 12  1  2  1  2  2 13  2  2  2  2 14
  6  2 15 15  8  8  8 16 17 18 19 20 21 21 18 18 18 22 23 23 23 24  1  1
 23  2  2  2  2  2  2 25  1 26 21 18  2  3  2 22  2  2  2 18  1 27  2  2
 18 28 14  1 29  2  1  4 22  1  2 30 14 31  6 22  6  6  2 32 33 34 35 21
 21 21 36 37 38 36 39 21 25 25 25 25 40 41 21 21 42 32 32  6 43 44 45 46
 46 46 46 46 46 46 46 47 46 48 49 46 46 46 46 46 46 46 46 46 46 46]
Updated partition (where clusters with only one element have been merged with their closest neighbor): 
[ 5  1  2  1  2  2  2  2  3  2  2  2  2  2  2  2  2  4  5  2  2  4  2  2
  2  2  2  2  2  2  2  2  2  2  2  2  6  2  4  4  2  2  2  4  2  6  2  4
  4  6  2  6  8  8  8  8  2  4  2  2  6  6  4  4  4  2  4  4  4  4 12  3
  2  2  2  2  1  2  2  2  2  2  2  2 12  1  2  1  2  2  6  2  2  2  2 14
  6  2 15 15  8  8  8 26 43 18 18 18 21 21 18 18 18 22 23 23 23  1  1  1
 23  2  2  2  2  2  2 25  1 26 21 18  2  3  2 22  2  2  2 18  1 26  2  2
 18 12 14  1 25  2  1  4 22  1  2  2 14  4  6 22  6  6  2 32 39 35 35 21
 21 21 36 38 38 36 39 21 25 25 25 25 46 26 21 21 46 32 32  6 43 43 39 46
 46 46 46 46 46 46 46 49 46 21 49 46 46 46 46 46 46 46 46 46 46 46]
Anchors ID: 
[87, 9, 71, 43, 0, 160, 101, 84, 146, 98, 105, 109, 135, 115, 176, 129, 186, 165, 170, 171, 174, 188, 200, 199, 181, 201, 148]
Anchors position: 
[[1.51645, 13.4, 3.49, 1.52, 72.65, 0.67, 8.08, 0.0, 0.1], [1.51755, 13.0, 3.6, 1.36, 72.99, 0.57, 8.4, 0.0, 0.11], [1.51848, 13.64, 3.87, 1.27, 71.96, 0.54, 8.32, 0.0, 0.32], [1.5221, 13.73, 3.84, 0.72, 71.76, 0.17, 9.74, 0.0, 0.0], [1.52101, 13.64, 4.49, 1.1, 71.78, 0.06, 8.75, 0.0, 0.0], [1.51832, 13.33, 3.34, 1.54, 72.14, 0.56, 8.99, 0.0, 0.0], [1.5173, 12.35, 2.72, 1.63, 72.87, 0.7, 9.23, 0.0, 0.0], [1.51409, 14.25, 3.09, 2.08, 72.28, 1.1, 7.08, 0.0, 0.0], [1.51769, 13.65, 3.66, 1.11, 72.77, 0.11, 8.6, 0.0, 0.0], [1.51689, 12.67, 2.88, 1.71, 73.21, 0.73, 8.54, 0.0, 0.0], [1.52475, 11.45, 0.0, 1.88, 72.19, 0.81, 13.24, 0.0, 0.34], [1.51818, 13.72, 0.0, 0.56, 74.45, 0.0, 10.99, 0.0, 0.0], [1.51789, 13.19, 3.9, 1.3, 72.33, 0.55, 8.44, 0.0, 0.28], [1.51846, 13.41, 3.89, 1.33, 72.38, 0.51, 8.28, 0.0, 0.0], [1.51905, 14.0, 2.39, 1.56, 72.37, 0.0, 9.57, 0.0, 0.0], [1.5202, 13.98, 1.35, 1.63, 71.76, 0.39, 10.56, 0.0, 0.18], [1.51838, 14.32, 3.26, 2.22, 71.25, 1.46, 5.79, 1.63, 0.0], [1.52171, 11.56, 1.88, 1.56, 72.86, 0.47, 11.41, 0.0, 0.0], [1.52369, 13.44, 0.0, 1.58, 72.22, 0.32, 12.24, 0.0, 0.0], [1.51316, 13.02, 0.0, 3.04, 70.48, 6.21, 6.96, 0.0, 0.0], [1.52058, 12.85, 1.61, 2.17, 72.18, 0.76, 9.7, 0.24, 0.51], [1.52247, 14.86, 2.2, 2.06, 70.26, 0.76, 9.76, 0.0, 0.0], [1.51508, 15.15, 0.0, 2.25, 73.5, 0.0, 8.34, 0.63, 0.0], [1.51609, 15.01, 0.0, 2.51, 73.05, 0.05, 8.83, 0.53, 0.0]]

Partition with K clusters: 
[0 0 0 0 0 0 0 0 0 0 0 0 0 0 0 0 0 0 0 0 0 0 0 0 0 0 0 0 0 0 0 0 0 0 0 0 0
 0 0 0 0 0 0 0 0 0 0 0 0 0 0 0 0 0 0 0 0 0 0 0 0 0 0 0 0 0 0 0 0 0 0 0 0 0
 0 0 0 0 0 0 0 0 0 0 0 0 0 0 0 0 0 0 0 0 0 0 0 0 0 0 0 0 0 0 0 0 0 0 0 0 0
 0 0 0 0 0 0 0 0 0 0 0 0 0 0 0 0 0 0 0 0 0 0 0 0 0 0 0 0 0 0 0 0 0 0 0 0 0
 6 0 0 0 0 0 0 0 0 0 0 0 0 0 0 1 0 0 0 0 0 0 0 3 3 0 0 0 0 0 0 0 2 4 0 0 2
 1 1 0 0 0 0 2 2 2 2 2 2 2 2 2 2 5 2 2 2 2 2 2 2 2 2 2 2 2]
