-- Anchors details --

H= 50
final number of anchors: 26

Default partition with H clusters: 
[ 0  1  1  1  1  1  1  1  2  1  1  1  1  1  1  1  1  3  0  1  1  3  1  1
  1  1  1  1  1  1  1  1  1  1  1  1  4  1  3  3  1  1  1  3  1  4  1  3
  3  4  1  5  6  7  7  7  1  3  1  1  8  4  3  3  3  1  3  3  3  3  9 10
  1  1  1  1  1  1 11  1  1  1  1  1 12  1  1  1  1  1 13  1  1  1  1 14
  5  7 15 15  7  7  7 16 17 18 19 18 20 20 18 18 18 21 22 22 22 22  1  1
 22  1  1  1  1  1  1 23  1 24 20 18  1 25  1 21  1  1  1 18  1 26  1  1
 18 27 22  1 28  1  1  3 29  1  1 30 22 31  4 32  4  4  1 33 34 35 35 20
 20 20 36 37 38 36 39 20 23 23 23 23 40 41 20 20 42 33 33  8 43 44 45 46
 46 46 46 46 46 46 46 47 46 48 49 46 46 46 46 46 46 46 46 46 46 46]
Updated partition (where clusters with only one element have been merged with their closest neighbor): 
[ 0  1  1  1  1  1  1  1 10  1  1  1  1  1  1  1  1  3  0  1  1  3  1  1
  1  1  1  1  1  1  1  1  1  1  1  1  4  1  3  3  1  1  1  3  1  4  1  3
  3  4  1  5  7  7  7  7  1  3  1  1  8  4  3  3  3  1  3  3  3  3 12 10
  1  1  1  1  1  1  1  1  1  1  1  1 12  1  1  1  1  1  5  1  1  1  1 22
  5  7 15 15  7  7  7 24 43 18 18 18 20 20 18 18 18 21 22 22 22 22  1  1
 22  1  1  1  1  1  1 23  1 24 20 18  1 10  1 21  1  1  1 18  1 24  1  1
 18 12 22  1 45  1  1  3 32  1  1  1 22  3  4 32  4  4  1 33 39 35 35 20
 20 20 36 38 38 36 39 20 23 23 23 23 46 24 20 20 46 33 33  8 43 43 45 46
 46 46 46 46 46 46 46 49 46 20 49 46 46 46 46 46 46 46 46 46 46 46]
Anchors ID: 
[0, 6, 38, 45, 96, 101, 60, 71, 84, 98, 112, 109, 113, 120, 176, 129, 152, 186, 165, 170, 171, 164, 188, 148, 193, 199, 201, 190]
Anchors position: 
[[1.52101, 13.64, 4.49, 1.1, 71.78, 0.06, 8.75, 0.0, 0.0], [1.51743, 13.3, 3.6, 1.14, 73.09, 0.58, 8.17, 0.0, 0.0], [1.52213, 14.21, 3.82, 0.47, 71.77, 0.11, 9.57, 0.0, 0.0], [1.519, 13.49, 3.48, 1.35, 71.95, 0.55, 9.0, 0.0, 0.0], [1.51841, 13.02, 3.62, 1.06, 72.34, 0.64, 9.13, 0.0, 0.15], [1.5173, 12.35, 2.72, 1.63, 72.87, 0.7, 9.23, 0.0, 0.0], [1.51905, 13.6, 3.62, 1.11, 72.64, 0.14, 8.76, 0.0, 0.0], [1.51848, 13.64, 3.87, 1.27, 71.96, 0.54, 8.32, 0.0, 0.32], [1.51409, 14.25, 3.09, 2.08, 72.28, 1.1, 7.08, 0.0, 0.0], [1.51689, 12.67, 2.88, 1.71, 73.21, 0.73, 8.54, 0.0, 0.0], [1.52777, 12.64, 0.0, 0.67, 72.02, 0.06, 14.4, 0.0, 0.0], [1.51818, 13.72, 0.0, 0.56, 74.45, 0.0, 10.99, 0.0, 0.0], [1.51892, 13.46, 3.83, 1.26, 72.55, 0.57, 8.21, 0.0, 0.14], [1.51844, 13.25, 3.76, 1.32, 72.4, 0.58, 8.42, 0.0, 0.0], [1.51905, 14.0, 2.39, 1.56, 72.37, 0.0, 9.57, 0.0, 0.0], [1.5202, 13.98, 1.35, 1.63, 71.76, 0.39, 10.56, 0.0, 0.18], [1.51779, 13.64, 3.65, 0.65, 73.0, 0.06, 8.93, 0.0, 0.0], [1.51838, 14.32, 3.26, 2.22, 71.25, 1.46, 5.79, 1.63, 0.0], [1.52171, 11.56, 1.88, 1.56, 72.86, 0.47, 11.41, 0.0, 0.0], [1.52369, 13.44, 0.0, 1.58, 72.22, 0.32, 12.24, 0.0, 0.0], [1.51316, 13.02, 0.0, 3.04, 70.48, 6.21, 6.96, 0.0, 0.0], [1.51915, 12.73, 1.85, 1.86, 72.69, 0.6, 10.09, 0.0, 0.0], [1.52247, 14.86, 2.2, 2.06, 70.26, 0.76, 9.76, 0.0, 0.0], [1.5167, 13.24, 3.57, 1.38, 72.7, 0.56, 8.44, 0.0, 0.1], [1.51719, 14.75, 0.0, 2.0, 73.02, 0.0, 8.53, 1.59, 0.08], [1.51609, 15.01, 0.0, 2.51, 73.05, 0.05, 8.83, 0.53, 0.0]]

Partition with K clusters: 
[0 0 0 0 0 0 0 0 0 0 0 0 0 0 0 0 0 0 0 0 0 0 0 0 0 0 0 0 0 0 0 0 0 0 0 0 0
 0 0 0 0 0 0 0 0 0 0 0 0 0 0 0 0 0 0 0 0 0 0 0 0 0 0 0 0 0 0 0 0 0 0 0 0 0
 0 0 0 0 0 0 0 0 0 0 0 0 0 0 0 0 0 0 0 0 0 0 0 0 0 0 0 0 0 0 0 0 0 0 0 0 0
 0 0 0 0 0 0 0 0 0 0 0 0 0 0 0 0 0 0 0 0 0 0 0 0 0 0 0 0 0 0 0 0 0 0 0 0 0
 5 0 0 0 0 0 0 0 0 0 0 0 0 0 0 1 0 0 0 0 0 0 0 3 3 0 0 0 0 0 0 0 2 0 0 0 2
 1 1 0 0 0 6 2 2 2 2 2 2 2 2 2 2 4 2 2 2 2 2 2 2 2 2 2 2 2]
