-- Anchors details --

H= 50
final number of anchors: 25

Default partition with H clusters: 
[ 0  1  2  1  2  2  2  2  3  2  2  2  2  2  2  2  2  4  0  2  2  4  2  2
  2  2  1  2  2  2  2  2  2  2  2  2  5  2  4  4  2  2  2  4  2  5  2  4
  4  5  1  6  7  8  8  8  2  4  2  2  9  5  4  4  4  2  4  4  4  4 10  3
  2  2  2  2  1  2 11  2  2  2  2  2 12  1  2  1  2  2 13  2  2  2  2  1
  6  2 14 14  8  8  8 15 16 17 18 17 19 19 17 17 17 20  1  1  1  1  1  1
  1  2  2  2  2  2  2 21  1 22 19 17  2  3  2 23  2  2  2 17  1 24  2  2
 17 25  1  1 26  2  1  4 27  1  2  2  1 28  5 29  5  5  2 30 31 32 33 19
 34 19 35 36 37 38 39 19 21 21 21 21 40 41 19 19 42 30 30  9 43 44 45 46
 46 46 46 46 46 46 46 47 46 48 49 46 46 46 46 46 46 46 46 46 46 46]
Updated partition (where clusters with only one element have been merged with their closest neighbor): 
[ 0  1  2  1  2  2  2  2  3  2  2  2  2  2  2  2  2  4  0  2  2  4  2  2
  2  2  1  2  2  2  2  2  2  2  2  2  5  2  4  4  2  2  2  4  2  5  2  4
  4  5  1  6  8  8  8  8  2  4  2  2  9  5  4  4  4  2  4  4  4  4  3  3
  2  2  2  2  1  2  2  2  2  2  2  2 25  1  2  1  2  2  6  2  2  2  2  1
  6  2 14 14  8  8  8 22 43 17 17 17 19 19 17 17 17 23  1  1  1  1  1  1
  1  2  2  2  2  2  2 21  1 22 19 17  2  3  2 23  2  2  2 17  1 22  2  2
 17 25  1  1 39  2  1  4 29  1  2  2  1  4  5 29  5  5  2 30 39 33 33 19
 19 19 38 37 37 38 39 19 21 21 21 21 46 22 19 19 46 30 30  9 43 43 39 46
 46 46 46 46 46 46 46 49 46 19 49 46 46 46 46 46 46 46 46 46 46 46]
Anchors ID: 
[0, 1, 7, 71, 17, 49, 96, 101, 60, 98, 112, 108, 176, 129, 113, 84, 152, 186, 165, 171, 170, 174, 188, 200, 199, 190, 148]
Anchors position: 
[[1.52101, 13.64, 4.49, 1.1, 71.78, 0.06, 8.75, 0.0, 0.0], [1.51761, 13.89, 3.6, 1.36, 72.73, 0.48, 7.83, 0.0, 0.0], [1.51756, 13.15, 3.61, 1.05, 73.24, 0.57, 8.24, 0.0, 0.0], [1.51848, 13.64, 3.87, 1.27, 71.96, 0.54, 8.32, 0.0, 0.32], [1.52196, 14.36, 3.85, 0.89, 71.36, 0.15, 9.15, 0.0, 0.0], [1.51898, 13.58, 3.35, 1.23, 72.08, 0.59, 8.91, 0.0, 0.0], [1.51841, 13.02, 3.62, 1.06, 72.34, 0.64, 9.13, 0.0, 0.15], [1.5173, 12.35, 2.72, 1.63, 72.87, 0.7, 9.23, 0.0, 0.0], [1.51905, 13.6, 3.62, 1.11, 72.64, 0.14, 8.76, 0.0, 0.0], [1.51689, 12.67, 2.88, 1.71, 73.21, 0.73, 8.54, 0.0, 0.0], [1.52777, 12.64, 0.0, 0.67, 72.02, 0.06, 14.4, 0.0, 0.0], [1.52222, 14.43, 0.0, 1.0, 72.67, 0.1, 11.52, 0.0, 0.08], [1.51905, 14.0, 2.39, 1.56, 72.37, 0.0, 9.57, 0.0, 0.0], [1.5202, 13.98, 1.35, 1.63, 71.76, 0.39, 10.56, 0.0, 0.18], [1.51892, 13.46, 3.83, 1.26, 72.55, 0.57, 8.21, 0.0, 0.14], [1.51409, 14.25, 3.09, 2.08, 72.28, 1.1, 7.08, 0.0, 0.0], [1.51779, 13.64, 3.65, 0.65, 73.0, 0.06, 8.93, 0.0, 0.0], [1.51838, 14.32, 3.26, 2.22, 71.25, 1.46, 5.79, 1.63, 0.0], [1.52171, 11.56, 1.88, 1.56, 72.86, 0.47, 11.41, 0.0, 0.0], [1.51316, 13.02, 0.0, 3.04, 70.48, 6.21, 6.96, 0.0, 0.0], [1.52369, 13.44, 0.0, 1.58, 72.22, 0.32, 12.24, 0.0, 0.0], [1.52058, 12.85, 1.61, 2.17, 72.18, 0.76, 9.7, 0.24, 0.51], [1.52247, 14.86, 2.2, 2.06, 70.26, 0.76, 9.76, 0.0, 0.0], [1.51508, 15.15, 0.0, 2.25, 73.5, 0.0, 8.34, 0.63, 0.0], [1.51609, 15.01, 0.0, 2.51, 73.05, 0.05, 8.83, 0.53, 0.0]]

Partition with K clusters: 
[0 0 0 0 0 0 0 0 0 0 0 0 0 0 0 0 0 0 0 0 0 0 0 0 0 0 0 0 0 0 0 0 0 0 0 0 0
 0 0 0 0 0 0 0 0 0 0 0 0 0 0 0 0 0 0 0 0 0 0 0 0 0 0 0 0 0 0 0 0 0 0 0 0 0
 0 0 0 0 0 0 0 0 0 0 0 0 0 0 0 0 0 0 0 0 0 0 0 0 0 0 0 0 0 0 0 2 2 2 0 0 2
 2 2 0 0 0 0 0 0 0 0 0 0 0 0 0 0 0 0 0 0 2 0 0 0 0 0 0 0 2 0 0 0 0 2 0 0 0
 5 0 0 0 0 0 0 0 0 0 0 0 0 0 0 6 0 2 2 0 0 0 2 3 3 2 0 0 0 0 0 0 1 0 0 0 1
 6 6 0 0 0 4 1 1 1 1 1 1 1 1 1 1 0 1 1 1 1 1 1 1 1 1 1 1 1]
