ARI: 0.7627216643836422
minSplit: 0.24
Partition: 
[ 0  0  0  0  0  0  0  0  0  0  0  0  0  0  0  0  0  0  0  0  0  0  0  0
  0  0  0  0  0  0  0  0  0  0  0  0  0  0  0  0  0  0  0  0  0  0  0  0
  0  0  0  0  0  0  0  0  0  0  0  0  0  0  0  0  0  0  0  0  0  0  0  0
  0  0  0  0  0  0  0  0  0  0  0  0  0  0  0  0  0  0  0  0  0  0  0  0
  0  0  0  0  0  0  0  0  0  0  0  0 11 11 11 11 11 11 11 11 11 11 11 11
 11 11 11 11 11 11 11 11 11 11 11 11 12 12 12 12 12  8  8 12 12 12 12 12
 12 12 12 12 12  8  8 12 12 12 12 12 12 12 12  6  6  6  6  6  6  6  6  6
  6  6  6  6  6  6  6  6  6  6  6  6  6  6  6  6  6  6  6  6  6  6  6  6
  6  6  6  6  6  6  6  6  6  6  6  6  6  6  6  6  6  6  6  6  6  6  6  6
  6  6  6  6  6  6  6  6  6  6  6  6  6  6  6  6  2  2  2  2  2  2  2  2
  2  2  2  2  2  2  2  2  2  2  2  2  2  2  2  2  2  2  2  2  2  2  2  2
  2  2  2  2  2  2  2  2  4  4  4  4  4  4  4  4  2  2  2  2  2  2  2  2
  2  2  2  2  2  2  4  4  4  4  4  4  4  4  4  4  4  4  2  4  4  2  2  2
  2  4  4  4  4  4  4  4  4  4  4  4  4  4  4  4  4  4  4  4  4  4  4  4
  4  4  4  4  4  4  4  4  4  4 10 10 10 10  5  5  5 10 10 10 10 10  7 10
  9  5  5  5  5  5  5 10 10 10 10  5  5  5  5  5  5  5 10 10 10  5  5  5
  5  5  9  9  9  9  9  9  9  9  9  9  9  9  9  9  9  9  9  9  9  9  9  9
  9  9  9  9  9  9 10 10  5  5  5  5 10 10 10  5  5  5 10 10 10 10 10  5
  5  5 10 10  5 10  1  1  1  1  1  1  1  1  1  1  1  1  1  1  1  1  1  1
  1  1  1  1  1  1  1  1  1  1  1  1  1  1  1  1  1  1  1  1  3  3  3  3
  3  1  1  1  1  1  1  1  1  1  1  1  3  1  3  1  1  3  3  3  3  3  3  3
  3  3  3  3  3  3  3  3  3  3  3  3  3  3  1  1  1  1  1  1  1  1  1  3
  3  3  3  3  3  1  1  1  1  1  1  1  1  1  3  3  3  3  3  3  3  3  3  1
  3  3  3  3  3  3  3  3  3  3  3  3  3  3  3  3  3  3  3  3  3  3  3  3
  3  1  3  3  3  3  3  3  3  3  3  3]