ARI: 0.7397200500685635
minSplit: 0
Partition: 
[ 1  1  1  1  1  1  1  1  1  1  1  1  1  1  1  1  1  1  1  1  1  1  1  1
  1  1  1  1  1  1  1  1  1  1  1  1  1  1  1  1  1  1  1  1  1  1  1  1
  1  1  1  1  1  1  1  1  1  1  1  1  1  1  1  1  1  1  1  1  1  1  1  1
  1  1  1  1  1  1  1  1  1  1  1  1  1  1  1  1  1  1  1  1  1  1  1  1
  1  1  1  1  1  1  1  1  1  1  1  1 12 12 12 12 12 12 12 12 12 12 12 12
 12 12 12 12 12 12 12 12 12 12 12 12  8  8  8  8  8  7  7  8  8  8  8  8
  8  8  8  8  8  7  7  8  8  8  8  8  8  8  8  6  6  6  6  6  6  6  6  6
  6  6  6  6  6  6  6  6  6  6  6  6  6  6  6  6  6  6  6  6  6  6  6  6
  6  6  6  6  6  6  6  6  6  6  6  6  6  6  6  6  6  6  6  6  6  6  6  6
  6  6  6  6  6  6  6  6  6  6  6  6  6  6  6  6  0  0  0  0  0  0  0  0
  0  0  0  0  0  0  0  0  0  0  0  0  0  0  0  0  0  0  0  0  0  0  0  0
  0  0  0  0  0  0  0  0  5  5  5  5  5  5  5  5  0  0  0  0  0  0  0  0
  0  0  0  0  0  0  5  5  5  5  5  5  5  5  5  5  5  5  0  5  5  0  0  0
  0  5  5  5  5  5  5  5  5  5  5  5  5  5  5  5  5  5  5  5  5  5  5  5
  5  5  5  5  5  5  5  5  5  5  2  2  2  2  2  2  2  2  2  2  2  2 11  2
  2  2  2  2  2  2  2  2  2  2  2  2  2  2  2  2  2  2  2  2  2  2  2  2
  2  2  2  2  2  2  2  2  2  2  2  2  2  2  2  2  2  2  2  2  2  2  2  2
  2  2  2  2  2  2  2  2  2  2  2  2  2  2  2  2  2  2  2  2  2  2  2  2
  2  2  2  2  2  2  3  3  3  3  3  3  3  3  3  3  3  3  3  3  3  3  3  3
  3  3  3  3  3  3  3  3  3  3  3  3  3  3 10 10 10  3  3  3  4  4  4  4
  4  3  3  3 10 10 10 10 10 10 10 10  4  3  9  3  3  9  4  4  4  4  4  4
  4  4  4  4  4  4  4  4  4  4  4  4  4  4  3 10 10 10 10 10 10  3  3  4
  4  4  4  4  4 10 10 10 10 10 10 10 10 10  4  4  4  4  4  4  4  4  4 10
  4  4  4  4  4  4  4  4  4  4  4  4  4  4  4  4  4  4  4  4  4  4  4  4
  4 10  4  4  4  4  4  4  4  4  4  4]