ARI: 0.7348775601009937
minSplit: 0
Partition: 
[ 4  4  4  4  4  4  4  4  4  4  4  4  4  4  4  4  4  4  4  4  4  4  4  4
  4  4  4  4  4  4  4  4  4  4  4  4  4  4  4  4  4  4  4  4  4  4  4  4
  4  4  4  4  4  4  4  4  4  4  4  4  4  4  4  4  4  4  4  4  4  4  4  4
  4  4  4  4  4  4  4  4  4  4  4  4  4  4  4  4  4  4  4  4  4  4  4  4
  4  4  4  4  4  4  4  4  4  4  4  4 11 11 11 11 11 11 11 11 11 11 11 11
 11 11 11 11 11 11 11 11 11 11 11 11  9  9  9  9  9  7  7  9  9  9  9  9
  9  9  9  9  9  7  7  9  9  9  9  9  9  9  9  6  6  6  6  6  6  6  6  6
  6  6  6  6  6  6  6  6  6  6  6  6  6  6  6  6  6  6  6  6  6  6  6  6
  6  6  6  6  6  6  6  6  6  6  6  6  6  6  6  6  6  6  6  6  6  6  6  6
  6  6  6  6  6  6  6  6  6  6  6  6  6  6  6  6 12 12 12 12 12 12 12 12
 12 12 12 12 12 12 12 12 12 12 12 12 12 12 12 12 12 12 12 12 12 12  8 12
  0  0  0  0  0  0  0  0  5  5  5  5  5  5  5  5  0  0  0  0  0  0  0  0
  0  0  0  0  0  0  5  5  5  5  5  5  5  5  5  5  5  5  0  5  5  0  0  0
  0  5  5  5  5  5  5  5  5  5  5  5  5  5  5  5  5  5  5  5  5  5  5  5
  5  5  5  5  5  5  5  5  5  5 10 10 10 10  1  1  1 10 10 10 10 10 10 10
  1  1  1  1  1  1  1 10 10 10 10  1  1  1  1  1  1  1 10 10 10  1  1  1
  1  1  1  1  1  1  1  1  1  1  1  1  1  1  1  1  1  1  1  1  1  1  1  1
  1  1  1  1  1  1 10 10  1  1  1  1 10 10 10  1  1  1 10 10 10 10 10  1
  1  1 10 10  1 10  2  2  2  2  2  2  3  3  3  2  2  2  2  2  3  3  3  2
  2  2  3  3  3  3  2  2  3  3  2  2  3  3  2  2  2  2  3  3  3  3  3  3
  3  3  3  2  2  2  2  2  2  2  2  2  3  2  2  3  2  2  3  3  3  3  3  3
  3  3  3  3  3  3  3  3  3  3  3  3  3  3  2  2  2  2  2  2  2  3  3  3
  3  3  3  3  3  2  2  2  2  2  2  2  2  2  3  3  3  3  3  3  3  3  3  2
  3  3  3  3  3  3  3  3  3  3  3  3  3  3  3  3  3  3  3  3  3  3  3  3
  3  2  3  3  3  3  3  3  3  3  3  3]