ARI: 0.6127746219129819
minSplit: 0
Partition: 
[ 5  5  5  5  5  3  3  5  5  3  3  3  3  3  3  3  3  3  5  5  5  5  5  5
  5  3  3  5  5  5  3  3  3  3  3  3  3  3  3  3  3  3  3  5  5  5  5  5
  5  5  5  3  3  3  5  5  5  5  5  3  3  3  3  3  3  3  3  3  3  3  3  3
  3  3  3  3  3  3  5  5  5  5  3  3  3  3  3  3  3  5  5  5  5  5  5  5
  5  5  3  3  3  3  3  3  3  3  3  3 12 12 12 12 12 12 12 12 12 12 12 12
 12 12 12 12 12 12 12 12 12 12 12 12  7  7  7  7  7  8  8  7  7  7  7  7
  7  7  7  7  7  8  8  7  7  7  7  7  7  7  7  6  6  6  6  6  6  6  6  6
  6  6  6  6  6  6  6  6  6  6  6  6  6  6  6  6  6  6  6  6  6  6  6  6
  6  6  6  6  6  6  6  6  6  6  6  6  6  6  6  6  6  6  6  6  6  6  6  6
  6  6  6  6  6  6  6  6  6  6  6  6  6  6  6  6  9  9  9  9  9  9  9  9
  9  9  9  9  9  9  9  9  9  9  9  9  9  9  9  9  9  9  9  9  9  9 11  9
  4  4  4  4  4  4  4  4  4  4  4  4  4  4  4  4  9  4  4  4  4  4  4  4
  4  4  4  4  4  4  4  4  4  4  4  4  4  4  4  4  4  4  4  4  4  4  4  4
  4  4  4  4  4  4  4  4  4  4  4  4  4  4  4  4  4  4  4  4  4  4  4  4
  4  4  4  4  4  4  4  4  4  4  1  1  1  1  2  2  2  1  1  1  1  1  1  1
  2  2  2  2  2  2  2  1  1  1  1  2  2  2  2  2  2  2  1  1  1  2  2  2
  2  2  2  2  2  2  2  2  2  2  2  2  2  2  2  2  2  2  2  2  2  2  2  2
  2  2  2  2  2  2  1  1  2  2  2  2  1  1  1  2  2  2  1  1  1  1  1  2
  2  2  1  1  2  1  0  0  0  0  0  0  0  0  0  0  0  0  0  0  0  0  0  0
  0  0  0  0  0  0  0  0  0  0  0  0  0  0 10  0  0  0  0  0  0  0  0  0
  0  0  0  0  0  0  0 10  0  0  0  0  0  0  0  0  0  0  0  0  0  0  0  0
  0  0  0  0  0  0  0  0  0  0  0  0  0  0  0  0  0  0  0  0  0  0  0  0
  0  0  0  0  0 10  0 10  0  0  0  0  0  0  0  0  0  0  0  0  0  0  0  0
  0  0  0  0  0  0  0  0  0  0  0  0  0  0  0  0  0  0  0  0  0  0  0  0
  0  0  0  0  0  0  0  0  0  0  0  0]