ARI: 0.5515337429952812
minSplit: 0.21999999999999997
Partition: 
[ 1  1  1  1  1  1  1  0  0  0  0 12 12 12  5  5  5  5  1  1  1  1  1  1
  1  1  1  0  0  0  0  0  0  0 12 12 12 12  5  5  5  5  5  1  1  1  1  1
  1  1  1  1  1  1  0  0  0  0  0  0  0  0 12  0  0  0  0  0 12 12 12  5
  5  5  5  5  5  0  0  0  0  0  1  1 12 12  5  1  1  1  1  1  1  1  1  1
  1  1 12 12  5 12  0 12  5  5  5  5 11 11 11 11 11 11 11 11 11 11 11 11
 11 11 11 11 11 11 11 11 11 11 11 11  9  9  9  9  9  9  9  9  9  9  9  9
  9  9  9  9  9  9  9  9  9  9  9  9  9  9  9  6  6  6  6  6  6  6  6  6
  6  6  6  6  6  6  6  6  6  6  6  6  6  6  6  6  6  6  6  6  6  6  6  6
  6  6  6  6  6  6  6  6  6  6  6  6  6  6  6  6  6  6  6  6  6  6  6  6
  6  6  6  6  6  6  6  6  6  6  6  6  6  6  6  6  4  4  4  4  4  4  4  4
  4  4  4  4  4  4  4  4  4  4  4  4  4  4  4  4  4  4  4  4  4  4  4  4
  2  2  2  2  2  2  2  2  2  2  2  2  2  2  2  2  4  2  2  2  2  2  2  2
  2  2  2  2  2  2  2  2  2  2  2  2  2  2  2  2  2  2  2  2  2  2  2  2
  2  2  2  2  2  2  2  2  2  2  2  2  2  2  2  2  2  2  2  2  2  2  2  2
  2  2  2  2  2  2  2  2  2  2  7  7  7  7  7  7  7  7  7  7  7  7  7  7
  7  7  7  7  7  7  7  7  7  7  7  7  7  7  7  7  7  7  7  7  7  7  7  7
  7  7  7  7  7  7  7  7  7  7  7  7  7  7  7  7  7  7  7  7  7  7  7  7
  7  7  7  7  7  7  7  7  7  7  7  7  7  7  7  7  7  7  7  7  7  7  7  7
  7  7  7  7  7  7  3  3  3  3  3  3  3  3  3  3  3  3  3  3  3  3  3  3
  3  3  3  3  3  3  3  3  3  3  3  3  3  3  8  8  8  3  3  3  3  3  3  3
  3  3  3  3  8  8  8  8  8  8  8  8  3 10 10  3  3 10  3  3  3  3  3  3
  3  3  3  3  3  3  3  3  3  3  3  3  3  3  3  8  8  8  8  8  8  3  3  3
  3  3  3  3  3  8  8  8  8  8  8  8  8  8  3  3  3  3  3  3  3  3  3  8
  3  3  3  3  3  3  3  3  3  3  3  3  3  3  3  3  3  3  3  3  3  3  3  3
  3  8  3  3  3  3  3  3  3  3  3  3]